11959 45367328
6696 45367328
6304 45367328
9386 45367328
8227 45367328
9389 45367328
8219 45367328
8773 45367328
7851 45367328
8832 45367328
8223 45367328
5358 45367328
6397 45367328
9036 45367328
8146 45367328
8550 45367328
7849 45367328
8810 45367328
8004 45367328
9258 45367328
8034 45367328
5204 45367328
5912 45367328
8788 45367328
7950 45367328
8732 45367328
8044 45367328
7894 45367328
8015 45367328
7434 45367328
5067 45367328
6120 45367328
4776 45367328
7247 45367328
7139 45367328
6051 45367328
6127 45367328
4753 45367328
5826 45367328
5726 45367328
4544 45367328
6126 45367328
5457 45367328
4603 45367328
6127 45367328
4617 45367328
7139 45367328
4926 45367328
7564 45367328
12984 45367328
5294 45367328
7333 45367328
5248 45367328
7564 45367328
5183 45367328
6330 45367328
4857 45367328
8140 45367328
8205 45367328
8093 45367328
5168 45367328
4244 45367328
9263 45367328
8499 45367328
5339 45367328
4101 45367328
8742 45367328
8507 45367328
6534 45367328
4702 45367328
5996 45367328
4490 45367328
8823 45367328
8299 45367328
5418 45367328
4265 45367328
8552 45367328
8346 45367328
5357 45367328
4249 45367328
8872 45367328
8190 45367328
5260 45367328
4142 45367328
8905 45367328
8578 45367328
16578 45367328
4321 45367328
5729 45367328
4322 45367328
9202 45367328
8593 45367328
5096 45367328
4265 45367328
9035 45367328
8414 45367328
5204 45367328
4199 45367328
8601 45367328
8265 45367328
5390 45367328
4289 45367328
8907 45367328
8275 45367328
6149 45367328
4620 45367328
5780 45367328
4566 45367328
8855 45367328
9301 45367328
8964 45367328
7480 45367328
5609 45367328
5511 45367328
4289 45367328
6874 45367328
5133 45367328
5369 45367328
4266 45367328
6147 45367328
6515 45367328
5278 45367328
5250 45367328
4362 45367328
6646 45367328
5165 45367328
5210 45367328
4270 45367328
6169 45367328
6419 45367328
5368 45367328
5383 45367328
4341 45367328
6347 45367328
5238 45367328
5255 45367328
4224 45367328
6167 45367328
6432 45367328
5496 45367328
5186 45367328
4264 45367328
6690 45367328
5290 45367328
5225 45367328
4359 45367328
9479 45367328
7429 45367328
7114 45367328
7566 45367328
7104 45367328
6943 45367328
6567 45367328
6789 45367328
12365 36216864
6952 36216864
6929 36216864
9774 36216864
9042 36216864
9488 36216864
8910 36216864
9663 36216864
8953 36216864
9665 36216864
8791 36216864
6145 36216864
7077 36216864
9090 36216864
8727 36216864
8900 36216864
8527 36216864
9067 36216864
8337 36216864
9500 36216864
8205 36216864
6159 36216864
6614 36216864
8931 36216864
8577 36216864
8886 36216864
8530 36216864
8287 36216864
8449 36216864
8265 36216864
6063 36216864
6344 36216864
5608 36216864
18157 36216864
7753 36216864
6224 36216864
6669 36216864
5747 36216864
6374 36216864
6204 36216864
5867 36216864
6598 36216864
5505 36216864
5106 36216864
6387 36216864
5308 36216864
7499 36216864
5513 36216864
7402 36216864
6365 36216864
5238 36216864
7110 36216864
5841 36216864
7668 36216864
5861 36216864
6713 36216864
5724 36216864
8444 36216864
9068 36216864
8567 36216864
6152 36216864
4857 36216864
9249 36216864
8887 36216864
6181 36216864
4923 36216864
8974 36216864
8430 36216864
7035 36216864
5289 36216864
6286 36216864
5244 36216864
9654 36216864
8833 36216864
6033 36216864
4718 36216864
9095 36216864
8747 36216864
6245 36216864
4974 36216864
9247 36216864
8597 36216864
6029 36216864
4991 36216864
9093 36216864
8817 36216864
7033 36216864
5173 36216864
6269 36216864
5098 36216864
9563 36216864
8875 36216864
5854 36216864
4638 36216864
9321 36216864
8813 36216864
6087 36216864
4692 36216864
9246 36216864
8752 36216864
6488 36216864
5169 36216864
9138 36216864
8708 36216864
7034 36216864
5300 36216864
6481 36216864
5074 36216864
9351 36216864
10086 36216864
10133 36216864
8265 36216864
6500 36216864
6279 36216864
5152 36216864
7210 36216864
5910 36216864
6217 36216864
5046 36216864
6718 36216864
6823 36216864
5722 36216864
6009 36216864
5097 36216864
6832 36216864
5774 36216864
6140 36216864
5083 36216864
6499 36216864
6671 36216864
5684 36216864
5878 36216864
5093 36216864
6683 36216864
5667 36216864
5975 36216864
5240 36216864
6896 36216864
6521 36216864
5872 36216864
5911 36216864
5046 36216864
6723 36216864
5724 36216864
6033 36216864
4972 36216864
9602 36216864
7681 36216864
7176 36216864
6964 36216864
7014 36216864
6773 36216864
6570 36216864
6605 36216864
13316 38461472
6885 38461472
6920 38461472
9602 38461472
8834 38461472
9507 38461472
10552 38461472
9067 38461472
8204 38461472
8722 38461472
7895 38461472
6151 38461472
6649 38461472
9378 38461472
8358 38461472
8679 38461472
8217 38461472
8700 38461472
8279 38461472
9104 38461472
7905 38461472
6019 38461472
6544 38461472
8475 38461472
8304 38461472
9208 38461472
8084 38461472
7668 38461472
7688 38461472
8643 38461472
6770 38461472
6436 38461472
5593 38461472
7721 38461472
7092 38461472
6103 38461472
6711 38461472
5758 38461472
6027 38461472
6006 38461472
5372 38461472
6066 38461472
5739 38461472
15254 38461472
5852 38461472
5280 38461472
6981 38461472
5420 38461472
7197 38461472
6484 38461472
5125 38461472
6881 38461472
5846 38461472
7442 38461472
6235 38461472
6184 38461472
5511 38461472
7722 38461472
8505 38461472
8380 38461472
6124 38461472
5305 38461472
8895 38461472
8515 38461472
6347 38461472
5065 38461472
9108 38461472
8659 38461472
6635 38461472
5365 38461472
6218 38461472
5127 38461472
8838 38461472
9242 38461472
6437 38461472
5185 38461472
8864 38461472
8719 38461472
6156 38461472
5134 38461472
9098 38461472
8597 38461472
6083 38461472
5142 38461472
8584 38461472
8263 38461472
6622 38461472
5644 38461472
6403 38461472
5207 38461472
9132 38461472
8756 38461472
6104 38461472
4895 38461472
8911 38461472
8667 38461472
6742 38461472
5020 38461472
8659 38461472
8642 38461472
6093 38461472
4945 38461472
8969 38461472
8517 38461472
6903 38461472
5617 38461472
6235 38461472
5184 38461472
8624 38461472
9749 38461472
9046 38461472
7346 38461472
6074 38461472
21695 38461472
5789 38461472
6944 38461472
5797 38461472
6001 38461472
4774 38461472
6516 38461472
6530 38461472
5615 38461472
5729 38461472
4973 38461472
6453 38461472
5489 38461472
5772 38461472
4973 38461472
6411 38461472
6303 38461472
5405 38461472
5731 38461472
4903 38461472
6524 38461472
5632 38461472
5802 38461472
4961 38461472
6544 38461472
6344 38461472
5469 38461472
5688 38461472
5027 38461472
6541 38461472
5563 38461472
5826 38461472
4941 38461472
10085 38461472
6879 38461472
7176 38461472
6500 38461472
6814 38461472
6656 38461472
6324 38461472
6402 38461472
10382 44535840
6721 44535840
6509 44535840
9213 44535840
8249 44535840
9202 44535840
8307 44535840
9170 44535840
7995 44535840
8924 44535840
8035 44535840
5122 44535840
6770 44535840
8828 44535840
8124 44535840
8818 44535840
8169 44535840
9014 44535840
7983 44535840
8665 44535840
7930 44535840
5243 44535840
6269 44535840
8627 44535840
8179 44535840
8565 44535840
8153 44535840
8102 44535840
8132 44535840
7405 44535840
4808 44535840
5947 44535840
4678 44535840
17938 44535840
7287 44535840
5999 44535840
5745 44535840
4482 44535840
5803 44535840
5863 44535840
4402 44535840
5682 44535840
5332 44535840
4226 44535840
5750 44535840
4441 44535840
7176 44535840
4428 44535840
7143 44535840
5883 44535840
5169 44535840
7021 44535840
4786 44535840
7298 44535840
4744 44535840
6035 44535840
4481 44535840
7986 44535840
8372 44535840
7988 44535840
5190 44535840
4371 44535840
9001 44535840
8153 44535840
5088 44535840
4410 44535840
9066 44535840
8371 44535840
6528 44535840
4742 44535840
5670 44535840
4186 44535840
8996 44535840
8668 44535840
5017 44535840
4294 44535840
8922 44535840
8239 44535840
4989 44535840
4290 44535840
8965 44535840
8297 44535840
5135 44535840
4456 44535840
8713 44535840
8314 44535840
6161 44535840
4627 44535840
5669 44535840
4428 44535840
8891 44535840
8535 44535840
5834 44535840
4306 44535840
9092 44535840
8342 44535840
5102 44535840
4163 44535840
9032 44535840
8160 44535840
5023 44535840
4371 44535840
9270 44535840
8452 44535840
6384 44535840
4589 44535840
6172 44535840
4471 44535840
8894 44535840
9471 44535840
9153 44535840
7152 44535840
5739 44535840
5662 44535840
4502 44535840
6924 44535840
5287 44535840
5408 44535840
4287 44535840
6487 44535840
6378 44535840
5322 44535840
5331 44535840
4522 44535840
6394 44535840
5252 44535840
5288 44535840
4318 44535840
6092 44535840
6558 44535840
4970 44535840
5308 44535840
4152 44535840
6283 44535840
5126 44535840
5386 44535840
4200 44535840
6240 44535840
6300 44535840
4958 44535840
5292 44535840
4330 44535840
6371 44535840
5358 44535840
5454 44535840
4247 44535840
9199 44535840
7437 44535840
7515 44535840
6165 44535840
5945 44535840
6363 44535840
6079 44535840
6063 44535840
