3114 44535840
2524 44535840
2593 44535840
2827 44535840
2872 44535840
2864 44535840
2879 44535840
2840 44535840
2860 44535840
2877 44535840
2867 44535840
2029 44535840
2743 44535840
2710 44535840
2823 44535840
2713 44535840
2752 44535840
2940 44535840
2843 44535840
2703 44535840
2905 44535840
2428 44535840
2541 44535840
2840 44535840
2816 44535840
2636 44535840
2678 44535840
2595 44535840
2639 44535840
2736 44535840
2247 44535840
2571 44535840
2114 44535840
2672 44535840
2712 44535840
2627 44535840
2444 44535840
2208 44535840
2460 44535840
2383 44535840
2134 44535840
2416 44535840
2309 44535840
1972 44535840
2331 44535840
2027 44535840
2588 44535840
2035 44535840
2498 44535840
2506 44535840
2396 44535840
2652 44535840
2352 44535840
2710 44535840
2172 44535840
2614 44535840
1989 44535840
2657 44535840
2728 44535840
2682 44535840
2118 44535840
2100 44535840
2637 44535840
2801 44535840
1962 44535840
1946 44535840
2613 44535840
2844 44535840
2421 44535840
2027 44535840
2278 44535840
2048 44535840
2706 44535840
2802 44535840
2100 44535840
2009 44535840
2632 44535840
2809 44535840
1920 44535840
1941 44535840
2721 44535840
2832 44535840
2105 44535840
2028 44535840
2707 44535840
2762 44535840
2365 44535840
2050 44535840
2396 44535840
1947 44535840
2868 44535840
2834 44535840
2213 44535840
2079 44535840
2769 44535840
2762 44535840
12527 44535840
1911 44535840
2714 44535840
2855 44535840
2082 44535840
1984 44535840
2806 44535840
2798 44535840
2365 44535840
2091 44535840
2345 44535840
2067 44535840
2748 44535840
3140 44535840
2804 44535840
2563 44535840
2294 44535840
2288 44535840
2034 44535840
2607 44535840
2305 44535840
2270 44535840
1988 44535840
2307 44535840
2603 44535840
2329 44535840
2445 44535840
2029 44535840
2629 44535840
2333 44535840
2374 44535840
2039 44535840
2440 44535840
2589 44535840
2245 44535840
2213 44535840
1972 44535840
2512 44535840
2245 44535840
2324 44535840
2119 44535840
2412 44535840
2471 44535840
2202 44535840
2167 44535840
1969 44535840
2600 44535840
2312 44535840
2260 44535840
2074 44535840
3057 44535840
2646 44535840
2447 44535840
2574 44535840
2551 44535840
2445 44535840
2476 44535840
2400 44535840
