23407 9600
386789 1228800
14310 128
2684424 13107200
2227965 13107200
566485 3276800
566902 3276800
553082 3276800
556797 3276800
571510 3276800
35164 102400
548745 3276800
11977 128
566642 3276800
538164 3276800
560614 3276800
540718 3276800
136708 819200
137499 819200
139530 819200
49790 204800
133611 819200
12177 256
255343 1638400
263119 1638400
263940 1638400
260700 1638400
77216 409600
76285 409600
76979 409600
18437 40960
11333 400
11377 40
12329 4000
12108 4000
11725 4000
11114 400
9738 40
11249 4000
11436 4000
9571 40
10427 400
10717 4000
9536 400
11284 4000
9995 400
