197041 9600
543245 1228800
350091 128
7118478 13107200
2599325 13107200
738489 3276800
787751 3276800
773933 3276800
770872 3276800
775952 3276800
52790 102400
771521 3276800
958686 128
764552 3276800
722646 3276800
726471 3276800
732854 3276800
256039 819200
285280 819200
291063 819200
80921 204800
285032 819200
340289 256
421772 1638400
474825 1638400
479363 1638400
462035 1638400
154132 409600
153054 409600
150507 409600
54273 40960
28625 400
17402 40
20713 4000
18354 4000
17692 4000
15884 400
17025 40
17768 4000
17530 4000
17212 40
15205 400
17469 4000
16662 400
17349 4000
17360 400
