1.6376e+08
1.6376e+08
5.22829e+07
5.22829e+07
5.22829e+07
5.22829e+07
5.22829e+07
5.22829e+07
5.22829e+07
5.22829e+07
5.22829e+07
6.53901e+07
6.41613e+07
5.10541e+07
5.10541e+07
5.43309e+07
5.43309e+07
5.43309e+07
5.43309e+07
5.43309e+07
5.76077e+07
5.76077e+07
4.12237e+07
4.12237e+07
4.45005e+07
4.45005e+07
4.45005e+07
4.45005e+07
4.45005e+07
4.77773e+07
4.77773e+07
4.12237e+07
4.12237e+07
4.45005e+07
4.45005e+07
4.45005e+07
4.45005e+07
4.45005e+07
4.77773e+07
4.77773e+07
4.12237e+07
4.12237e+07
4.45005e+07
4.45005e+07
7.63236e+06
7.63236e+06
7.63236e+06
7.63236e+06
7.63236e+06
7.63236e+06
7.63236e+06
7.63236e+06
7.63236e+06
1.09092e+07
7.63236e+06
4.35556e+06
4.35556e+06
7.63236e+06
7.63236e+06
7.63236e+06
7.63236e+06
7.63236e+06
1.09092e+07
1.09092e+07
4.35556e+06
4.35556e+06
5.17476e+06
5.17476e+06
5.17476e+06
5.17476e+06
5.17476e+06
5.99396e+06
5.99396e+06
1.89796e+06
1.89796e+06
2.71716e+06
2.71716e+06
2.71716e+06
2.71716e+06
2.71716e+06
3.53636e+06
3.53636e+06
2.71716e+06
2.71716e+06
4.35556e+06
4.35556e+06
4.35556e+06
4.35556e+06
4.35556e+06
4.35556e+06
4.35556e+06
4.35556e+06
4.35556e+06
4.35556e+06
4.35556e+06
5.99396e+06
5.99396e+06
4.35556e+06
4.35556e+06
5.99396e+06
5.99396e+06
5.99396e+06
5.99396e+06
5.99396e+06
7.63236e+06
7.63236e+06
4.35556e+06
4.35556e+06
4.76516e+06
4.76516e+06
4.76516e+06
4.76516e+06
4.76516e+06
5.17476e+06
5.17476e+06
3.12676e+06
3.12676e+06
3.12676e+06
3.12676e+06
3.53636e+06
3.53636e+06
3.12676e+06
3.12676e+06
3.13076e+06
3.13076e+06
3.13076e+06
3.13076e+06
3.13116e+06
3.13116e+06
3.13116e+06
3.13116e+06
3.13116e+06
3.13116e+06
3.13076e+06
3.13076e+06
3.13076e+06
3.13076e+06
3.13076e+06
3.13476e+06
3.13476e+06
3.13076e+06
3.13076e+06
3.13476e+06
3.13476e+06
3.13476e+06
3.13516e+06
3.13516e+06
3.13516e+06
3.1352e+06
3.1352e+06
3.1352e+06
3.1352e+06
3.1352e+06
3.1352e+06
3.13516e+06
3.13516e+06
3.13516e+06
3.1352e+06
3.1352e+06
3.1352e+06
3.1352e+06
3.1352e+06
3.1352e+06
3.13516e+06
3.13556e+06
3.13556e+06
3.13556e+06
3.13556e+06
3.13556e+06
3.13556e+06
3.13556e+06
3.13516e+06
3.13516e+06
3.13476e+06
3.13516e+06
3.13516e+06
3.13516e+06
3.13516e+06
3.13516e+06
3.13516e+06
3.13516e+06
3.13516e+06
3.13556e+06
3.13556e+06
3.13516e+06
3.13516e+06
3.13516e+06
3.13516e+06
3.13516e+06
3.13516e+06
3.13916e+06
3.13916e+06
3.13516e+06
3.13516e+06
3.13516e+06
3.13516e+06
3.13516e+06
3.17612e+06
3.58572e+06
3.58576e+06
3.58616e+06
3.58616e+06
3.58616e+06
3.58616e+06
3.58616e+06
3.58616e+06
3.58576e+06
3.99536e+06
3.99536e+06
3.99536e+06
3.99536e+06
3.99536e+06
3.58576e+06
3.62672e+06
3.62672e+06
3.62672e+06
3.62672e+06
3.62672e+06
3.58576e+06
3.58576e+06
3.58576e+06
3.58576e+06
3.58576e+06
3.58576e+06
3.58576e+06
3.99536e+06
3.99536e+06
3.58576e+06
3.62672e+06
3.62672e+06
3.58576e+06
3.5858e+06
3.5858e+06
3.58576e+06
3.58576e+06
3.62672e+06
3.62672e+06
3.58576e+06
3.5858e+06
3.5858e+06
3.58576e+06
3.58576e+06
3.58576e+06
3.99536e+06
3.99536e+06
3.58576e+06
3.58576e+06
5.22416e+06
5.22416e+06
6.86256e+06
6.86256e+06
6.86256e+06
6.86256e+06
6.86256e+06
6.86256e+06
6.86256e+06
6.86256e+06
5.22416e+06
5.22416e+06
4.81456e+06
6.45296e+06
6.45296e+06
4.81456e+06
4.81456e+06
4.81456e+06
4.40496e+06
6.04336e+06
6.04336e+06
7.68176e+06
7.68176e+06
7.68176e+06
7.68176e+06
7.68176e+06
7.68176e+06
7.68176e+06
6.04336e+06
7.68176e+06
7.68176e+06
6.04336e+06
6.04336e+06
6.04336e+06
4.40496e+06
5.22416e+06
5.42896e+06
5.42922e+06
5.42922e+06
5.42922e+06
5.42922e+06
5.42922e+06
5.42922e+06
5.42922e+06
5.42922e+06
5.42922e+06
5.42922e+06
5.42922e+06
5.42922e+06
5.42922e+06
5.42922e+06
5.42922e+06
5.42922e+06
5.42922e+06
6.24842e+06
6.24842e+06
5.42922e+06
5.63402e+06
5.63402e+06
5.42922e+06
5.42948e+06
5.42948e+06
5.42922e+06
5.42922e+06
5.63402e+06
5.63402e+06
5.42922e+06
5.42948e+06
5.42948e+06
5.42922e+06
5.42922e+06
3.79082e+06
4.61002e+06
4.61002e+06
4.61002e+06
4.61002e+06
4.61002e+06
4.61002e+06
4.61002e+06
4.61002e+06
4.61002e+06
4.61002e+06
3.79082e+06
4.61002e+06
4.61002e+06
3.79082e+06
3.79082e+06
3.79082e+06
2.97162e+06
6.24842e+06
6.24842e+06
9.52522e+06
9.52522e+06
9.52522e+06
9.52522e+06
9.52522e+06
9.52522e+06
9.52522e+06
9.52522e+06
6.24842e+06
6.24842e+06
5.42922e+06
8.70602e+06
8.70602e+06
5.42922e+06
5.42922e+06
5.42922e+06
4.61002e+06
7.88682e+06
7.88682e+06
1.11636e+07
1.11636e+07
1.11636e+07
1.11636e+07
1.11636e+07
1.11636e+07
1.11636e+07
7.88682e+06
1.11636e+07
1.11636e+07
7.88682e+06
7.88682e+06
7.88682e+06
4.61002e+06
7.88682e+06
7.98922e+06
7.98935e+06
7.98935e+06
7.98935e+06
7.98935e+06
4.48574e+07
4.48574e+07
4.81342e+07
4.81342e+07
4.81342e+07
4.81342e+07
4.81342e+07
4.81342e+07
4.81342e+07
4.81342e+07
4.81342e+07
4.81342e+07
4.81342e+07
5.1411e+07
5.1411e+07
4.81342e+07
4.82366e+07
4.82366e+07
4.81342e+07
4.81344e+07
4.81344e+07
4.81342e+07
4.81342e+07
4.82366e+07
4.82366e+07
4.81342e+07
4.81344e+07
4.81344e+07
4.81342e+07
4.81342e+07
4.48574e+07
4.81342e+07
4.81342e+07
5.1411e+07
5.1411e+07
5.1411e+07
5.1411e+07
5.1411e+07
5.1411e+07
5.1411e+07
5.1411e+07
4.81342e+07
4.81342e+07
4.48574e+07
4.81342e+07
4.81342e+07
4.48574e+07
4.48574e+07
4.48574e+07
4.15806e+07
4.48574e+07
4.48574e+07
4.81342e+07
4.81342e+07
4.81342e+07
4.81342e+07
4.81342e+07
4.81342e+07
5.1411e+07
5.1411e+07
4.81342e+07
4.81342e+07
4.81342e+07
4.48574e+07
5.79646e+07
5.79646e+07
7.10718e+07
7.10718e+07
7.10718e+07
7.10718e+07
7.10718e+07
7.10718e+07
7.10718e+07
7.10718e+07
5.79646e+07
5.79646e+07
5.46878e+07
6.7795e+07
6.7795e+07
5.46878e+07
5.46878e+07
5.46878e+07
5.1411e+07
5.26398e+07
5.26494e+07
5.26496e+07
5.26496e+07
5.26496e+07
5.26496e+07
1.64126e+08
1.64126e+08
1.65355e+08
1.65355e+08
1.65355e+08
1.65355e+08
1.65355e+08
1.65355e+08
1.65355e+08
1.65355e+08
1.65355e+08
1.65355e+08
1.65355e+08
1.66584e+08
1.66584e+08
1.65355e+08
1.65365e+08
1.65365e+08
1.65355e+08
1.65355e+08
1.65355e+08
1.65355e+08
1.65355e+08
1.65365e+08
1.65365e+08
1.65355e+08
1.65355e+08
1.65355e+08
1.65355e+08
1.65355e+08
1.52248e+08
1.52248e+08
1.51019e+08
1.51019e+08
1.51019e+08
1.51015e+08
1.51015e+08
1.51015e+08
1.51015e+08
1.51011e+08
1.51011e+08
1.5097e+08
1.5097e+08
1.5097e+08
1.5097e+08
1.50765e+08
1.50765e+08
1.50765e+08
1.50765e+08
1.50662e+08
1.50662e+08
1.50662e+08
1.50662e+08
1.50652e+08
1.50662e+08
1.50662e+08
1.50652e+08
1.50653e+08
1.50653e+08
1.50652e+08
1.50755e+08
1.50755e+08
1.50652e+08
1.50653e+08
1.50653e+08
1.50652e+08
1.50857e+08
1.50857e+08
1.50652e+08
1.50653e+08
1.50653e+08
1.50652e+08
1.50693e+08
1.50693e+08
1.50652e+08
1.50652e+08
1.50652e+08
1.50652e+08
1.50652e+08
1.50652e+08
1.50652e+08
1.50652e+08
1.50652e+08
1.50652e+08
1.50652e+08
1.50652e+08
1.50652e+08
1.50652e+08
1.50652e+08
1.50652e+08
1.50652e+08
1.50652e+08
1.50652e+08
1.50652e+08
1.50652e+08
1.50652e+08
1.50652e+08
1.50652e+08
1.50652e+08
1.50652e+08
1.50652e+08
1.50652e+08
1.50652e+08
1.50652e+08
1.50652e+08
1.50652e+08
1.50652e+08
1.50652e+08
1.50652e+08
1.50652e+08
1.50652e+08
1.50652e+08
1.50652e+08
1.50652e+08
1.50652e+08
1.50652e+08
1.50652e+08
1.50652e+08
1.50652e+08
1.50652e+08
1.50652e+08
1.50652e+08
1.50652e+08
1.50652e+08
1.50652e+08
1.50652e+08
1.50652e+08
1.50652e+08
1.50652e+08
1.50652e+08
1.50652e+08
1.50652e+08
1.50652e+08
1.50652e+08
1.50652e+08
1.50652e+08
1.50652e+08
1.50652e+08
1.50652e+08
1.50652e+08
1.50652e+08
1.50652e+08
1.50652e+08
1.50652e+08
1.50652e+08
1.50652e+08
