3.27819e+08
3.27819e+08
3.27819e+08
3.27819e+08
3.27819e+08
3.27819e+08
3.27819e+08
3.27819e+08
3.27819e+08
3.27819e+08
3.27819e+08
3.54033e+08
3.54033e+08
3.27819e+08
3.27819e+08
3.54033e+08
3.54033e+08
3.54033e+08
3.54033e+08
3.54033e+08
3.54033e+08
3.54033e+08
3.54033e+08
3.54033e+08
3.54033e+08
3.54033e+08
3.54033e+08
3.80248e+08
3.80248e+08
3.54033e+08
3.54033e+08
3.80248e+08
3.80248e+08
3.80248e+08
3.80248e+08
3.80248e+08
4.06462e+08
4.06462e+08
3.80248e+08
3.80248e+08
4.06462e+08
4.06462e+08
4.06462e+08
4.06462e+08
4.32677e+08
4.32677e+08
4.06462e+08
4.06462e+08
4.06462e+08
3.80248e+08
4.06462e+08
4.06462e+08
4.06462e+08
4.06462e+08
4.06462e+08
4.06462e+08
4.06462e+08
4.06462e+08
4.06462e+08
4.06462e+08
4.06462e+08
4.32677e+08
4.32677e+08
4.06462e+08
4.06462e+08
4.32677e+08
4.32677e+08
4.32677e+08
4.32677e+08
4.32677e+08
4.32677e+08
4.32677e+08
4.32677e+08
4.32677e+08
4.32677e+08
4.32677e+08
4.32677e+08
4.58891e+08
4.58891e+08
4.32677e+08
4.32677e+08
4.58891e+08
4.58891e+08
4.58891e+08
4.58891e+08
4.58891e+08
4.85105e+08
4.85105e+08
4.58891e+08
4.58891e+08
4.65445e+08
4.65445e+08
4.65445e+08
4.65445e+08
4.65445e+08
4.71998e+08
4.71998e+08
4.65445e+08
4.65445e+08
4.78552e+08
4.78552e+08
4.78552e+08
4.78552e+08
4.78552e+08
4.78552e+08
4.78552e+08
4.78552e+08
4.78552e+08
4.78552e+08
4.78552e+08
4.91659e+08
4.91659e+08
4.78552e+08
4.78552e+08
4.91659e+08
4.91659e+08
4.91659e+08
4.91659e+08
4.91659e+08
4.91659e+08
4.91659e+08
4.91659e+08
4.91659e+08
4.91659e+08
4.91659e+08
4.91659e+08
5.04766e+08
5.04766e+08
4.91659e+08
4.91659e+08
5.04766e+08
5.04766e+08
5.04766e+08
5.04766e+08
5.04766e+08
5.17873e+08
5.17873e+08
5.04766e+08
5.04766e+08
5.17873e+08
5.17873e+08
5.17873e+08
5.17873e+08
5.30981e+08
5.30981e+08
5.17873e+08
5.17873e+08
5.17873e+08
5.04766e+08
5.17873e+08
5.17873e+08
5.17873e+08
5.17873e+08
5.17873e+08
5.17873e+08
5.17873e+08
5.17873e+08
5.17873e+08
5.17873e+08
5.17873e+08
5.30981e+08
5.30981e+08
5.17873e+08
5.17873e+08
5.30981e+08
5.30981e+08
5.30981e+08
5.30981e+08
5.30981e+08
5.30981e+08
5.30981e+08
5.30981e+08
5.30981e+08
5.30981e+08
5.30981e+08
5.30981e+08
5.44088e+08
5.44088e+08
5.30981e+08
5.30981e+08
5.44088e+08
5.44088e+08
5.44088e+08
5.44088e+08
5.44088e+08
5.57195e+08
5.57195e+08
5.44088e+08
5.44088e+08
5.47365e+08
5.47365e+08
5.47365e+08
5.47365e+08
5.47365e+08
5.50641e+08
5.50641e+08
5.47365e+08
5.47365e+08
5.53918e+08
5.53918e+08
5.53918e+08
5.53918e+08
5.53918e+08
5.53918e+08
5.53918e+08
5.53918e+08
5.53918e+08
5.53918e+08
5.53918e+08
5.60472e+08
5.60472e+08
5.53918e+08
5.53918e+08
5.60472e+08
5.60472e+08
5.60472e+08
5.60472e+08
5.60472e+08
5.60472e+08
5.60472e+08
5.60472e+08
5.60472e+08
5.60472e+08
5.60472e+08
5.60472e+08
5.67025e+08
5.67025e+08
5.60472e+08
5.60472e+08
5.67025e+08
5.67025e+08
5.67025e+08
5.67025e+08
5.67025e+08
5.73579e+08
5.73579e+08
5.67025e+08
5.67025e+08
5.73579e+08
5.73579e+08
5.73579e+08
5.73579e+08
5.80133e+08
5.80133e+08
5.73579e+08
5.73579e+08
5.73579e+08
5.67025e+08
5.73579e+08
5.73579e+08
5.73579e+08
5.73579e+08
5.73579e+08
5.73579e+08
5.73579e+08
5.73579e+08
5.73579e+08
5.73579e+08
5.73579e+08
5.80133e+08
5.80133e+08
5.73579e+08
5.73579e+08
5.80133e+08
5.80133e+08
5.80133e+08
5.80133e+08
5.80133e+08
5.80133e+08
5.80133e+08
5.80133e+08
5.80133e+08
5.80133e+08
5.80133e+08
5.80133e+08
5.86686e+08
5.86686e+08
5.80133e+08
5.80133e+08
5.86686e+08
5.86686e+08
5.86686e+08
5.86686e+08
5.86686e+08
5.9324e+08
5.9324e+08
5.86686e+08
5.86686e+08
5.9324e+08
5.9324e+08
5.9324e+08
5.9324e+08
5.99793e+08
5.99793e+08
5.9324e+08
5.9324e+08
5.9324e+08
5.86686e+08
5.9324e+08
5.9324e+08
5.9324e+08
5.9324e+08
5.9324e+08
5.9324e+08
5.9324e+08
5.9324e+08
5.9324e+08
5.9324e+08
5.9324e+08
5.99793e+08
5.99793e+08
5.9324e+08
5.9324e+08
5.99793e+08
5.99793e+08
5.99793e+08
5.99793e+08
5.99793e+08
5.99793e+08
5.99793e+08
5.99793e+08
5.99793e+08
5.99793e+08
5.99793e+08
5.99793e+08
6.06347e+08
6.06347e+08
5.99793e+08
5.99793e+08
6.06347e+08
6.06347e+08
6.06347e+08
6.06347e+08
6.06347e+08
6.12901e+08
6.12901e+08
6.06347e+08
6.06347e+08
6.07985e+08
6.07985e+08
6.07985e+08
6.07985e+08
6.07985e+08
6.09624e+08
6.09624e+08
6.07985e+08
6.07985e+08
6.11262e+08
6.11262e+08
6.11262e+08
6.11262e+08
6.11262e+08
6.11262e+08
6.11262e+08
6.11262e+08
6.11262e+08
6.11262e+08
6.11262e+08
6.14539e+08
6.14539e+08
6.11262e+08
6.11262e+08
6.14539e+08
6.14539e+08
6.14539e+08
6.14539e+08
6.14539e+08
6.14539e+08
6.14539e+08
6.14539e+08
6.14539e+08
6.14539e+08
6.14539e+08
6.14539e+08
6.17816e+08
6.17816e+08
6.14539e+08
6.14539e+08
6.17816e+08
6.17816e+08
6.17816e+08
6.17816e+08
6.17816e+08
6.21093e+08
6.21093e+08
6.17816e+08
6.17816e+08
6.21093e+08
6.21093e+08
6.21093e+08
6.21093e+08
6.24369e+08
6.24369e+08
6.21093e+08
6.21093e+08
6.21093e+08
6.17816e+08
6.21093e+08
6.21093e+08
6.21093e+08
6.21093e+08
6.21093e+08
6.21093e+08
6.21093e+08
6.21093e+08
6.21093e+08
6.21093e+08
6.21093e+08
6.24369e+08
6.24369e+08
6.21093e+08
6.21093e+08
6.24369e+08
6.24369e+08
6.24369e+08
6.24369e+08
6.24369e+08
6.24369e+08
6.24369e+08
6.24369e+08
6.24369e+08
6.24369e+08
6.24369e+08
6.24369e+08
6.27646e+08
6.27646e+08
6.24369e+08
6.24369e+08
6.27646e+08
6.27646e+08
6.27646e+08
6.27646e+08
6.27646e+08
6.30923e+08
6.30923e+08
6.27646e+08
6.27646e+08
6.30923e+08
6.30923e+08
6.30923e+08
6.30923e+08
6.342e+08
6.342e+08
6.30923e+08
6.30923e+08
6.30923e+08
6.27646e+08
6.30923e+08
6.30923e+08
6.30923e+08
6.30923e+08
6.30923e+08
6.30923e+08
6.30923e+08
6.30923e+08
6.30923e+08
6.30923e+08
6.30923e+08
6.342e+08
6.342e+08
6.30923e+08
6.30923e+08
6.342e+08
6.342e+08
6.342e+08
6.342e+08
6.342e+08
6.342e+08
6.342e+08
6.342e+08
6.342e+08
6.342e+08
6.342e+08
6.342e+08
6.37477e+08
6.37477e+08
6.342e+08
6.342e+08
6.37477e+08
6.37477e+08
6.37477e+08
6.37477e+08
6.37477e+08
6.40753e+08
6.40753e+08
6.37477e+08
6.37477e+08
6.38296e+08
6.38296e+08
6.38296e+08
6.38296e+08
6.38296e+08
6.39115e+08
6.39115e+08
6.38296e+08
6.38296e+08
6.39115e+08
6.39115e+08
6.39115e+08
6.39115e+08
6.39115e+08
6.39115e+08
6.39115e+08
6.39115e+08
6.39115e+08
6.39115e+08
6.39115e+08
6.39934e+08
6.39934e+08
6.39115e+08
6.39115e+08
6.39934e+08
6.39934e+08
6.39934e+08
6.39934e+08
6.39934e+08
6.39934e+08
6.39934e+08
6.39934e+08
6.39934e+08
6.39934e+08
6.39934e+08
6.39934e+08
6.40753e+08
6.40753e+08
6.39934e+08
6.39934e+08
6.40753e+08
6.40753e+08
6.40753e+08
6.40753e+08
6.40753e+08
6.41573e+08
6.41573e+08
6.40753e+08
6.40753e+08
6.41573e+08
6.41573e+08
6.41573e+08
6.41573e+08
6.42392e+08
6.42392e+08
6.41573e+08
6.41573e+08
6.41573e+08
6.40753e+08
6.41573e+08
6.41573e+08
6.41573e+08
6.41573e+08
6.41573e+08
6.41573e+08
6.41573e+08
6.41573e+08
6.41573e+08
6.41573e+08
6.41573e+08
6.42392e+08
6.42392e+08
6.41573e+08
6.41573e+08
6.42392e+08
6.42392e+08
6.42392e+08
6.42392e+08
6.42392e+08
6.42392e+08
6.42392e+08
6.42392e+08
6.42392e+08
6.42392e+08
6.42392e+08
6.42392e+08
6.43211e+08
6.43211e+08
6.42392e+08
6.42392e+08
6.43211e+08
6.43211e+08
6.43211e+08
6.43211e+08
6.43211e+08
6.4403e+08
6.4403e+08
6.43211e+08
6.43211e+08
6.4403e+08
6.4403e+08
6.4403e+08
6.4403e+08
6.44849e+08
6.44849e+08
6.4403e+08
6.4403e+08
6.4403e+08
6.43211e+08
6.4403e+08
6.4403e+08
6.4403e+08
6.4403e+08
6.4403e+08
6.4403e+08
6.4403e+08
6.4403e+08
6.4403e+08
6.4403e+08
6.4403e+08
6.44849e+08
6.44849e+08
6.4403e+08
6.4403e+08
6.44849e+08
6.44849e+08
6.44849e+08
6.44849e+08
6.44849e+08
6.44849e+08
6.44849e+08
6.44849e+08
6.44849e+08
6.44849e+08
6.44849e+08
6.44849e+08
6.45669e+08
6.45669e+08
6.44849e+08
6.44849e+08
6.45669e+08
6.45669e+08
6.45669e+08
6.45669e+08
6.45669e+08
6.46488e+08
6.46488e+08
6.45669e+08
6.45669e+08
6.45873e+08
6.45873e+08
6.45873e+08
6.45873e+08
6.45873e+08
6.46078e+08
6.46078e+08
6.45873e+08
6.45873e+08
6.45873e+08
6.45873e+08
6.46078e+08
6.46078e+08
6.45873e+08
6.45873e+08
6.46078e+08
6.46078e+08
6.46078e+08
6.46078e+08
6.46283e+08
6.46283e+08
6.46078e+08
6.46078e+08
6.46283e+08
6.46283e+08
6.46283e+08
6.46283e+08
6.46283e+08
6.46283e+08
6.46283e+08
6.46283e+08
6.46283e+08
6.46283e+08
6.46283e+08
6.46283e+08
6.46283e+08
6.46283e+08
6.46283e+08
6.46488e+08
6.46488e+08
6.46283e+08
6.46283e+08
6.46488e+08
6.46488e+08
6.46488e+08
6.46488e+08
6.46488e+08
6.46488e+08
6.46488e+08
6.46488e+08
6.46488e+08
6.46488e+08
6.46488e+08
6.46488e+08
6.46693e+08
6.46693e+08
6.46488e+08
6.46488e+08
6.46693e+08
6.46693e+08
6.46693e+08
6.46693e+08
6.46693e+08
6.46897e+08
6.46897e+08
6.46693e+08
6.46693e+08
6.46897e+08
6.46897e+08
6.46897e+08
6.46897e+08
6.47102e+08
6.47102e+08
6.46897e+08
6.46897e+08
6.46897e+08
6.46693e+08
6.46697e+08
6.46697e+08
6.46697e+08
6.46697e+08
6.46697e+08
6.46697e+08
6.46697e+08
6.46697e+08
6.46697e+08
6.46697e+08
6.46697e+08
6.46697e+08
6.46697e+08
6.46697e+08
6.46697e+08
6.46701e+08
6.46701e+08
6.46697e+08
6.46697e+08
6.46701e+08
6.46701e+08
6.46701e+08
6.46701e+08
6.46701e+08
6.46701e+08
6.46701e+08
6.46701e+08
6.46701e+08
6.46701e+08
6.46701e+08
6.46701e+08
6.46701e+08
6.46701e+08
6.46701e+08
6.46701e+08
6.46701e+08
6.46701e+08
6.46701e+08
6.46701e+08
6.46701e+08
6.46701e+08
6.46701e+08
6.46701e+08
6.46701e+08
6.46701e+08
6.46701e+08
6.46701e+08
6.46701e+08
6.46701e+08
6.46701e+08
6.46701e+08
6.46701e+08
6.46701e+08
6.46701e+08
6.46701e+08
6.46701e+08
6.46701e+08
6.46701e+08
6.46701e+08
6.46701e+08
6.46701e+08
6.46701e+08
6.46701e+08
6.46701e+08
6.46701e+08
6.46701e+08
6.46701e+08
6.46705e+08
6.46705e+08
6.46701e+08
6.46701e+08
6.46701e+08
6.46701e+08
6.46701e+08
6.46722e+08
6.46926e+08
6.46926e+08
6.46927e+08
6.46927e+08
6.46927e+08
6.46927e+08
6.46927e+08
6.46927e+08
6.46926e+08
6.47131e+08
6.47131e+08
6.47131e+08
6.47131e+08
6.47131e+08
6.46926e+08
6.46947e+08
6.46947e+08
6.46947e+08
6.46947e+08
6.46947e+08
6.46926e+08
6.46926e+08
6.46926e+08
6.46926e+08
6.46926e+08
6.46926e+08
6.46926e+08
6.46926e+08
6.46722e+08
6.46926e+08
6.46926e+08
6.46722e+08
6.46742e+08
6.46742e+08
6.46722e+08
6.46722e+08
6.46722e+08
6.46722e+08
6.46722e+08
6.46742e+08
6.46742e+08
6.46722e+08
6.46722e+08
6.46722e+08
6.46722e+08
6.46926e+08
6.46926e+08
6.46926e+08
6.46926e+08
6.47131e+08
6.47131e+08
6.46926e+08
6.46926e+08
6.46926e+08
6.46722e+08
6.46926e+08
6.46926e+08
6.46926e+08
6.46926e+08
6.46926e+08
6.46926e+08
6.46926e+08
6.46926e+08
6.46926e+08
6.46722e+08
6.46926e+08
6.46926e+08
6.46722e+08
6.46722e+08
6.46722e+08
6.46517e+08
6.46722e+08
6.46722e+08
6.46722e+08
6.46722e+08
6.46722e+08
6.46722e+08
6.46722e+08
6.46722e+08
6.46722e+08
6.46722e+08
6.46517e+08
6.46517e+08
6.46517e+08
6.46722e+08
6.46722e+08
6.46517e+08
6.46519e+08
6.46519e+08
6.46517e+08
6.46519e+08
6.46519e+08
6.46517e+08
6.46517e+08
6.46519e+08
6.46519e+08
6.46517e+08
6.46519e+08
6.46519e+08
6.46517e+08
6.46519e+08
6.46519e+08
6.46517e+08
6.46519e+08
6.46519e+08
6.46517e+08
6.46517e+08
6.46312e+08
6.47361e+08
6.47565e+08
6.47567e+08
6.47568e+08
6.47568e+08
6.47568e+08
6.47568e+08
6.47568e+08
6.47568e+08
6.47567e+08
6.47772e+08
6.47772e+08
6.47772e+08
6.47772e+08
6.47772e+08
6.47567e+08
6.48616e+08
6.48616e+08
6.48616e+08
6.48616e+08
6.48616e+08
6.47567e+08
6.47567e+08
6.47567e+08
6.47567e+08
6.47567e+08
6.47567e+08
6.47567e+08
6.47567e+08
6.47363e+08
6.47567e+08
6.47567e+08
6.47363e+08
6.48411e+08
6.48411e+08
6.47363e+08
6.47365e+08
6.47365e+08
6.47363e+08
6.47363e+08
6.48411e+08
6.48411e+08
6.47363e+08
6.47365e+08
6.47365e+08
6.47363e+08
6.47363e+08
6.47158e+08
6.47363e+08
6.47363e+08
6.47363e+08
6.47363e+08
6.47567e+08
6.47567e+08
6.47363e+08
6.47363e+08
6.47363e+08
6.47158e+08
6.47158e+08
6.47158e+08
6.47363e+08
6.47363e+08
6.47158e+08
6.47158e+08
6.47977e+08
6.47977e+08
6.47977e+08
6.47977e+08
6.47977e+08
6.47977e+08
6.47977e+08
6.47977e+08
6.47977e+08
6.47977e+08
6.47158e+08
6.47158e+08
6.46953e+08
6.47772e+08
6.47772e+08
6.46953e+08
6.46953e+08
6.46953e+08
6.46748e+08
6.47567e+08
6.47567e+08
6.47567e+08
6.47567e+08
6.47567e+08
6.47567e+08
6.47567e+08
6.47567e+08
6.47567e+08
6.46748e+08
6.47567e+08
6.47567e+08
6.46748e+08
6.46748e+08
6.46748e+08
6.45929e+08
6.46748e+08
6.46748e+08
6.46748e+08
6.46748e+08
6.46748e+08
6.46748e+08
6.46748e+08
6.46748e+08
6.46748e+08
6.46748e+08
6.45929e+08
6.45929e+08
6.45929e+08
6.46748e+08
6.46748e+08
6.45929e+08
6.45931e+08
6.45931e+08
6.45929e+08
6.45931e+08
6.45931e+08
6.45929e+08
6.45929e+08
6.45931e+08
6.45931e+08
6.45929e+08
6.45931e+08
6.45931e+08
6.45929e+08
6.45931e+08
6.45931e+08
6.45929e+08
6.45931e+08
6.45931e+08
6.45929e+08
6.45929e+08
6.4511e+08
6.45929e+08
6.55366e+08
6.55368e+08
6.55368e+08
6.55368e+08
6.55368e+08
6.55368e+08
6.55368e+08
6.55368e+08
6.55368e+08
6.55368e+08
6.55368e+08
6.55368e+08
6.55368e+08
6.55368e+08
6.55368e+08
6.55368e+08
6.55368e+08
6.55368e+08
6.55368e+08
6.54549e+08
6.55368e+08
6.55368e+08
6.54549e+08
6.63986e+08
6.63986e+08
6.54549e+08
6.54551e+08
6.54551e+08
6.54549e+08
6.54549e+08
6.63986e+08
6.63986e+08
6.54549e+08
6.54551e+08
6.54551e+08
6.54549e+08
6.54549e+08
6.5373e+08
6.54549e+08
6.54549e+08
6.54549e+08
6.54549e+08
6.55368e+08
6.55368e+08
6.54549e+08
6.54549e+08
6.54549e+08
6.5373e+08
6.54549e+08
6.54549e+08
6.54549e+08
6.54549e+08
6.54549e+08
6.54549e+08
6.54549e+08
6.54549e+08
6.54549e+08
6.5373e+08
6.54549e+08
6.54549e+08
6.5373e+08
6.5373e+08
6.5373e+08
6.52911e+08
6.5373e+08
6.5373e+08
6.5373e+08
6.5373e+08
6.5373e+08
6.5373e+08
6.5373e+08
6.5373e+08
6.5373e+08
6.5373e+08
6.52911e+08
6.52911e+08
6.52911e+08
6.5373e+08
6.5373e+08
6.52911e+08
6.52913e+08
6.52913e+08
6.52911e+08
6.52913e+08
6.52913e+08
6.52911e+08
6.52911e+08
6.52913e+08
6.52913e+08
6.52911e+08
6.52913e+08
6.52913e+08
6.52911e+08
6.52913e+08
6.52913e+08
6.52911e+08
6.52913e+08
6.52913e+08
6.52911e+08
6.52911e+08
6.52091e+08
6.52911e+08
6.62348e+08
6.6235e+08
6.6235e+08
6.6235e+08
6.6235e+08
6.6235e+08
6.6235e+08
6.6235e+08
6.6235e+08
6.6235e+08
6.6235e+08
6.6235e+08
6.6235e+08
6.6235e+08
6.6235e+08
6.6235e+08
6.6235e+08
6.6235e+08
6.6235e+08
6.61531e+08
6.6235e+08
6.6235e+08
6.61531e+08
6.70968e+08
6.70968e+08
6.61531e+08
6.61533e+08
6.61533e+08
6.61531e+08
6.61531e+08
6.70968e+08
6.70968e+08
6.61531e+08
6.61533e+08
6.61533e+08
6.61531e+08
6.61531e+08
6.60711e+08
6.61531e+08
6.61531e+08
6.61531e+08
6.61531e+08
6.6235e+08
6.6235e+08
6.61531e+08
6.61531e+08
6.61531e+08
6.60711e+08
6.61531e+08
6.61531e+08
6.61531e+08
6.61531e+08
6.61531e+08
6.61531e+08
6.61531e+08
6.61531e+08
6.61531e+08
6.60711e+08
6.61531e+08
6.61531e+08
6.60711e+08
6.60711e+08
6.60711e+08
6.59892e+08
6.60711e+08
6.60711e+08
6.60711e+08
6.60711e+08
6.60711e+08
6.60711e+08
6.60711e+08
6.60711e+08
6.60711e+08
6.60711e+08
6.59892e+08
6.59892e+08
6.59892e+08
6.60711e+08
6.60711e+08
6.59892e+08
6.59894e+08
6.59894e+08
6.59892e+08
6.59894e+08
6.59894e+08
6.59892e+08
6.59892e+08
6.59894e+08
6.59894e+08
6.59892e+08
6.59894e+08
6.59894e+08
6.59892e+08
6.59894e+08
6.59894e+08
6.59892e+08
6.59894e+08
6.59894e+08
6.59892e+08
6.59892e+08
6.59073e+08
6.59892e+08
6.69329e+08
6.69332e+08
6.69332e+08
6.69332e+08
6.69332e+08
6.69332e+08
6.69332e+08
6.69332e+08
6.69332e+08
6.69332e+08
6.69332e+08
6.69332e+08
6.69332e+08
6.69332e+08
6.69332e+08
6.69332e+08
6.69332e+08
6.69332e+08
6.70151e+08
6.70151e+08
6.69332e+08
6.78769e+08
6.78769e+08
6.69332e+08
6.69334e+08
6.69334e+08
6.69332e+08
6.69332e+08
6.78769e+08
6.78769e+08
6.69332e+08
6.69334e+08
6.69334e+08
6.69332e+08
6.69332e+08
6.68512e+08
6.71789e+08
6.71789e+08
6.71789e+08
6.71789e+08
6.71789e+08
6.71789e+08
6.71789e+08
6.71789e+08
6.71789e+08
6.71789e+08
6.68512e+08
6.68512e+08
6.67693e+08
6.7097e+08
6.7097e+08
6.67693e+08
6.67693e+08
6.67693e+08
6.66874e+08
6.70151e+08
6.70151e+08
6.70151e+08
6.70151e+08
6.70151e+08
6.70151e+08
6.70151e+08
6.70151e+08
6.70151e+08
6.66874e+08
6.70151e+08
6.70151e+08
6.66874e+08
6.66874e+08
6.66874e+08
6.63597e+08
6.66874e+08
6.66874e+08
6.66874e+08
6.66874e+08
6.66874e+08
6.66874e+08
6.66874e+08
6.66874e+08
6.66874e+08
6.66874e+08
6.63597e+08
6.63597e+08
6.63597e+08
6.66874e+08
6.66874e+08
6.63597e+08
6.63599e+08
6.63599e+08
6.63597e+08
6.63599e+08
6.63599e+08
6.63597e+08
6.63597e+08
6.63599e+08
6.63599e+08
6.63597e+08
6.63599e+08
6.63599e+08
6.63597e+08
6.63599e+08
6.63599e+08
6.63597e+08
6.63599e+08
6.63599e+08
6.63597e+08
6.63597e+08
6.6032e+08
6.63597e+08
6.73034e+08
6.73036e+08
6.73036e+08
6.73036e+08
6.73036e+08
6.73036e+08
6.73036e+08
6.73036e+08
6.73036e+08
6.73036e+08
6.73036e+08
6.73036e+08
6.73036e+08
6.73036e+08
6.73036e+08
6.73036e+08
6.73036e+08
6.73036e+08
6.73036e+08
6.6976e+08
6.73036e+08
6.73036e+08
6.6976e+08
6.79197e+08
6.79197e+08
6.6976e+08
6.69762e+08
6.69762e+08
6.6976e+08
6.6976e+08
6.79197e+08
6.79197e+08
6.6976e+08
6.69762e+08
6.69762e+08
6.6976e+08
6.6976e+08
6.66483e+08
6.6976e+08
6.6976e+08
6.6976e+08
6.6976e+08
6.73036e+08
6.73036e+08
6.6976e+08
6.6976e+08
6.6976e+08
6.66483e+08
6.6976e+08
6.6976e+08
6.6976e+08
6.6976e+08
6.6976e+08
6.6976e+08
6.6976e+08
6.6976e+08
6.6976e+08
6.66483e+08
6.6976e+08
6.6976e+08
6.66483e+08
6.66483e+08
6.66483e+08
6.63206e+08
6.66483e+08
6.66483e+08
6.66483e+08
6.66483e+08
6.66483e+08
6.66483e+08
6.66483e+08
6.66483e+08
6.66483e+08
6.66483e+08
6.63206e+08
6.63206e+08
6.63206e+08
6.66483e+08
6.66483e+08
6.63206e+08
6.63208e+08
6.63208e+08
6.63206e+08
6.63208e+08
6.63208e+08
6.63206e+08
6.63206e+08
6.63208e+08
6.63208e+08
6.63206e+08
6.63208e+08
6.63208e+08
6.63206e+08
6.63208e+08
6.63208e+08
6.63206e+08
6.63208e+08
6.63208e+08
6.63206e+08
6.63206e+08
6.59929e+08
6.63206e+08
6.72643e+08
6.72645e+08
6.72645e+08
6.72645e+08
6.72645e+08
6.72645e+08
6.72645e+08
6.72645e+08
6.72645e+08
6.72645e+08
6.72645e+08
6.72645e+08
6.72645e+08
6.72645e+08
6.72645e+08
6.72645e+08
6.72645e+08
6.72645e+08
6.72645e+08
6.69368e+08
6.72645e+08
6.72645e+08
6.69368e+08
6.78806e+08
6.78806e+08
6.69368e+08
6.6937e+08
6.6937e+08
6.69368e+08
6.69368e+08
6.78806e+08
6.78806e+08
6.69368e+08
6.6937e+08
6.6937e+08
6.69368e+08
6.69368e+08
6.66092e+08
6.69368e+08
6.69368e+08
6.69368e+08
6.69368e+08
6.72645e+08
6.72645e+08
6.69368e+08
6.69368e+08
6.69368e+08
6.66092e+08
6.69368e+08
6.69368e+08
6.69368e+08
6.69368e+08
6.69368e+08
6.69368e+08
6.69368e+08
6.69368e+08
6.69368e+08
6.66092e+08
6.69368e+08
6.69368e+08
6.66092e+08
6.66092e+08
6.66092e+08
6.62815e+08
6.66092e+08
6.66092e+08
6.66092e+08
6.66092e+08
6.66092e+08
6.66092e+08
6.66092e+08
6.66092e+08
6.66092e+08
6.66092e+08
6.62815e+08
6.62815e+08
6.62815e+08
6.66092e+08
6.66092e+08
6.62815e+08
6.62817e+08
6.62817e+08
6.62815e+08
6.62817e+08
6.62817e+08
6.62815e+08
6.62815e+08
6.62817e+08
6.62817e+08
6.62815e+08
6.62817e+08
6.62817e+08
6.62815e+08
6.62817e+08
6.62817e+08
6.62815e+08
6.62817e+08
6.62817e+08
6.62815e+08
6.62815e+08
6.59538e+08
6.61176e+08
6.65895e+08
6.65897e+08
6.65897e+08
6.65897e+08
6.65897e+08
6.65897e+08
6.65897e+08
6.65897e+08
6.65897e+08
6.65897e+08
6.65897e+08
6.65897e+08
6.65897e+08
6.65897e+08
6.65897e+08
6.65897e+08
6.65897e+08
6.65897e+08
6.67535e+08
6.67535e+08
6.65897e+08
6.70616e+08
6.70616e+08
6.65897e+08
6.65899e+08
6.65899e+08
6.65897e+08
6.65897e+08
6.70616e+08
6.70616e+08
6.65897e+08
6.65899e+08
6.65899e+08
6.65897e+08
6.65897e+08
6.6262e+08
6.69174e+08
6.69174e+08
6.69174e+08
6.69174e+08
6.69174e+08
6.69174e+08
6.69174e+08
6.69174e+08
6.69174e+08
6.69174e+08
6.6262e+08
6.6262e+08
6.60982e+08
6.67535e+08
6.67535e+08
6.60982e+08
6.60982e+08
6.60982e+08
6.59343e+08
6.65897e+08
6.65897e+08
6.65897e+08
6.65897e+08
6.65897e+08
6.65897e+08
6.65897e+08
6.65897e+08
6.65897e+08
6.59343e+08
6.65897e+08
6.65897e+08
6.59343e+08
6.59343e+08
6.59343e+08
6.5279e+08
6.59343e+08
6.59343e+08
6.59343e+08
6.59343e+08
6.59343e+08
6.59343e+08
6.59343e+08
6.59343e+08
6.59343e+08
6.59343e+08
6.5279e+08
6.5279e+08
6.5279e+08
6.59343e+08
6.59343e+08
6.5279e+08
6.52791e+08
6.52791e+08
6.5279e+08
6.52791e+08
6.52791e+08
6.5279e+08
6.5279e+08
6.52791e+08
6.52791e+08
6.5279e+08
6.52791e+08
6.52791e+08
6.5279e+08
6.52791e+08
6.52791e+08
6.5279e+08
6.52791e+08
6.52791e+08
6.5279e+08
6.5279e+08
6.46236e+08
6.5279e+08
6.55149e+08
6.5515e+08
6.5515e+08
6.5515e+08
6.5515e+08
6.5515e+08
6.5515e+08
6.5515e+08
6.5515e+08
6.5515e+08
6.5515e+08
6.5515e+08
6.5515e+08
6.5515e+08
6.5515e+08
6.5515e+08
6.5515e+08
6.5515e+08
6.5515e+08
6.48597e+08
6.5515e+08
6.5515e+08
6.48597e+08
6.50956e+08
6.50956e+08
6.48597e+08
6.48598e+08
6.48598e+08
6.48597e+08
6.48597e+08
6.50956e+08
6.50956e+08
6.48597e+08
6.48598e+08
6.48598e+08
6.48597e+08
6.48597e+08
6.42043e+08
6.48597e+08
6.48597e+08
6.48597e+08
6.48597e+08
6.5515e+08
6.5515e+08
6.48597e+08
6.48597e+08
6.48597e+08
6.42043e+08
6.48597e+08
6.48597e+08
6.48597e+08
6.48597e+08
6.48597e+08
6.48597e+08
6.48597e+08
6.48597e+08
6.48597e+08
6.42043e+08
6.48597e+08
6.48597e+08
6.42043e+08
6.42043e+08
6.42043e+08
6.35489e+08
6.42043e+08
6.42043e+08
6.42043e+08
6.42043e+08
6.42043e+08
6.42043e+08
6.42043e+08
6.42043e+08
6.42043e+08
6.42043e+08
6.35489e+08
6.35489e+08
6.35489e+08
6.42043e+08
6.42043e+08
6.35489e+08
6.3549e+08
6.3549e+08
6.35489e+08
6.3549e+08
6.3549e+08
6.35489e+08
6.35489e+08
6.3549e+08
6.3549e+08
6.35489e+08
6.3549e+08
6.3549e+08
6.35489e+08
6.3549e+08
6.3549e+08
6.35489e+08
6.3549e+08
6.3549e+08
6.35489e+08
6.35489e+08
6.28936e+08
6.35489e+08
6.37849e+08
6.3785e+08
6.3785e+08
6.3785e+08
6.3785e+08
6.3785e+08
6.3785e+08
6.3785e+08
6.3785e+08
6.3785e+08
6.3785e+08
6.3785e+08
6.3785e+08
6.3785e+08
6.3785e+08
6.3785e+08
6.3785e+08
6.3785e+08
6.3785e+08
6.31296e+08
6.3785e+08
6.3785e+08
6.31296e+08
6.33655e+08
6.33655e+08
6.31296e+08
6.31297e+08
6.31297e+08
6.31296e+08
6.31296e+08
6.33655e+08
6.33655e+08
6.31296e+08
6.31297e+08
6.31297e+08
6.31296e+08
6.31296e+08
6.24742e+08
6.31296e+08
6.31296e+08
6.31296e+08
6.31296e+08
6.3785e+08
6.3785e+08
6.31296e+08
6.31296e+08
6.31296e+08
6.24742e+08
6.31296e+08
6.31296e+08
6.31296e+08
6.31296e+08
6.31296e+08
6.31296e+08
6.31296e+08
6.31296e+08
6.31296e+08
6.24742e+08
6.31296e+08
6.31296e+08
6.24742e+08
6.24742e+08
6.24742e+08
6.18189e+08
6.24742e+08
6.24742e+08
6.24742e+08
6.24742e+08
6.24742e+08
6.24742e+08
6.24742e+08
6.24742e+08
6.24742e+08
6.24742e+08
6.18189e+08
6.18189e+08
6.18189e+08
6.24742e+08
6.24742e+08
6.18189e+08
6.1819e+08
6.1819e+08
6.18189e+08
6.1819e+08
6.1819e+08
6.18189e+08
6.18189e+08
6.1819e+08
6.1819e+08
6.18189e+08
6.1819e+08
6.1819e+08
6.18189e+08
6.1819e+08
6.1819e+08
6.18189e+08
6.1819e+08
6.1819e+08
6.18189e+08
6.18189e+08
6.11635e+08
6.14912e+08
6.16092e+08
6.16093e+08
6.16093e+08
6.16093e+08
6.16093e+08
6.16093e+08
6.16093e+08
6.16093e+08
6.16093e+08
6.16093e+08
6.16093e+08
6.16093e+08
6.16093e+08
6.16093e+08
6.16093e+08
6.16093e+08
6.16093e+08
6.16093e+08
6.1937e+08
6.1937e+08
6.16093e+08
6.17272e+08
6.17272e+08
6.16093e+08
6.16094e+08
6.16094e+08
6.16093e+08
6.16093e+08
6.17272e+08
6.17272e+08
6.16093e+08
6.16094e+08
6.16094e+08
6.16093e+08
6.16093e+08
6.09539e+08
6.22646e+08
6.22646e+08
6.22646e+08
6.22646e+08
6.22646e+08
6.22646e+08
6.22646e+08
6.22646e+08
6.22646e+08
6.22646e+08
6.09539e+08
6.09539e+08
6.06262e+08
6.1937e+08
6.1937e+08
6.06262e+08
6.06262e+08
6.06262e+08
6.02986e+08
6.16093e+08
6.16093e+08
6.16093e+08
6.16093e+08
6.16093e+08
6.16093e+08
6.16093e+08
6.16093e+08
6.16093e+08
6.02986e+08
6.16093e+08
6.16093e+08
6.02986e+08
6.02986e+08
6.02986e+08
5.89878e+08
6.02986e+08
6.02986e+08
6.02986e+08
6.02986e+08
6.02986e+08
6.02986e+08
6.02986e+08
6.02986e+08
6.02986e+08
6.02986e+08
5.89878e+08
5.89878e+08
5.89878e+08
6.02986e+08
6.02986e+08
5.89878e+08
5.89879e+08
5.89879e+08
5.89878e+08
5.89879e+08
5.89879e+08
5.89878e+08
5.89878e+08
5.89879e+08
5.89879e+08
5.89878e+08
5.89879e+08
5.89879e+08
5.89878e+08
5.89879e+08
5.89879e+08
5.89878e+08
5.89879e+08
5.89879e+08
5.89878e+08
5.89878e+08
5.76771e+08
5.89878e+08
5.90468e+08
5.90469e+08
5.90469e+08
5.90469e+08
5.90469e+08
5.90469e+08
5.90469e+08
5.90469e+08
5.90469e+08
5.90469e+08
5.90469e+08
5.90469e+08
5.90469e+08
5.90469e+08
5.90469e+08
5.90469e+08
5.90469e+08
5.90469e+08
5.90469e+08
5.77361e+08
5.90469e+08
5.90469e+08
5.77361e+08
5.77951e+08
5.77951e+08
5.77361e+08
5.77362e+08
5.77362e+08
5.77361e+08
5.77361e+08
5.77951e+08
5.77951e+08
5.77361e+08
5.77362e+08
5.77362e+08
5.77361e+08
5.77361e+08
5.64254e+08
5.77361e+08
5.77361e+08
5.77361e+08
5.77361e+08
5.90469e+08
5.90469e+08
5.77361e+08
5.77361e+08
5.77361e+08
5.64254e+08
5.77361e+08
5.77361e+08
5.77361e+08
5.77361e+08
5.77361e+08
5.77361e+08
5.77361e+08
5.77361e+08
5.77361e+08
5.64254e+08
5.77361e+08
5.77361e+08
5.64254e+08
5.64254e+08
5.64254e+08
5.51147e+08
5.64254e+08
5.64254e+08
5.64254e+08
5.64254e+08
5.64254e+08
5.64254e+08
5.64254e+08
5.64254e+08
5.64254e+08
5.64254e+08
5.51147e+08
5.51147e+08
5.51147e+08
5.64254e+08
5.64254e+08
5.51147e+08
5.51148e+08
5.51148e+08
5.51147e+08
5.51148e+08
5.51148e+08
5.51147e+08
5.51147e+08
5.51148e+08
5.51148e+08
5.51147e+08
5.51148e+08
5.51148e+08
5.51147e+08
5.51148e+08
5.51148e+08
5.51147e+08
5.51148e+08
5.51148e+08
5.51147e+08
5.51147e+08
5.3804e+08
5.44593e+08
5.44888e+08
5.44889e+08
5.44889e+08
5.44889e+08
5.44889e+08
5.44889e+08
5.44889e+08
5.44889e+08
5.44889e+08
5.44889e+08
5.44889e+08
5.44889e+08
5.44889e+08
5.44889e+08
5.44889e+08
5.44889e+08
5.44889e+08
5.44889e+08
5.51442e+08
5.51442e+08
5.44889e+08
5.45184e+08
5.45184e+08
5.44889e+08
5.44889e+08
5.44889e+08
5.44889e+08
5.44889e+08
5.45184e+08
5.45184e+08
5.44889e+08
5.44889e+08
5.44889e+08
5.44889e+08
5.44889e+08
5.31782e+08
5.57996e+08
5.57996e+08
5.57996e+08
5.57996e+08
5.57996e+08
5.57996e+08
5.57996e+08
5.57996e+08
5.57996e+08
5.57996e+08
5.31782e+08
5.31782e+08
5.25228e+08
5.51442e+08
5.51442e+08
5.25228e+08
5.25228e+08
5.25228e+08
5.18674e+08
5.44889e+08
5.44889e+08
5.44889e+08
5.44889e+08
5.44889e+08
5.44889e+08
5.44889e+08
5.44889e+08
5.44889e+08
5.18674e+08
5.44889e+08
5.44889e+08
5.18674e+08
5.18674e+08
5.18674e+08
4.9246e+08
5.18674e+08
5.18674e+08
5.18674e+08
5.18674e+08
5.18674e+08
5.18674e+08
5.18674e+08
5.18674e+08
5.18674e+08
5.18674e+08
4.9246e+08
4.9246e+08
4.9246e+08
5.18674e+08
5.18674e+08
4.9246e+08
4.9246e+08
4.9246e+08
4.9246e+08
4.9246e+08
4.9246e+08
4.9246e+08
4.9246e+08
4.9246e+08
4.9246e+08
4.9246e+08
4.9246e+08
4.9246e+08
4.9246e+08
4.9246e+08
4.9246e+08
4.9246e+08
4.9246e+08
4.9246e+08
4.9246e+08
4.9246e+08
4.66246e+08
4.9246e+08
4.92608e+08
4.92608e+08
4.92608e+08
4.92608e+08
4.92608e+08
4.92608e+08
4.92608e+08
4.92608e+08
4.92608e+08
4.92608e+08
4.92608e+08
4.92608e+08
4.92608e+08
4.92608e+08
4.92608e+08
4.92608e+08
4.92608e+08
4.92608e+08
4.92608e+08
4.66393e+08
4.92608e+08
4.92608e+08
4.66393e+08
4.66541e+08
4.66541e+08
4.66393e+08
4.66394e+08
4.66394e+08
4.66393e+08
4.66393e+08
4.66541e+08
4.66541e+08
4.66393e+08
4.66394e+08
4.66394e+08
4.66393e+08
4.66393e+08
4.40179e+08
4.66393e+08
4.66393e+08
4.66393e+08
4.66393e+08
4.92608e+08
4.92608e+08
4.66393e+08
4.66393e+08
4.66393e+08
4.40179e+08
4.66393e+08
4.66393e+08
4.66393e+08
4.66393e+08
4.66393e+08
4.66393e+08
4.66393e+08
4.66393e+08
4.66393e+08
4.40179e+08
4.66393e+08
4.66393e+08
4.40179e+08
4.40179e+08
4.40179e+08
4.13965e+08
4.40179e+08
4.40179e+08
4.40179e+08
4.40179e+08
4.40179e+08
4.40179e+08
4.40179e+08
4.40179e+08
4.40179e+08
4.40179e+08
4.13965e+08
4.13965e+08
4.13965e+08
4.40179e+08
4.40179e+08
4.13965e+08
4.13965e+08
4.13965e+08
4.13965e+08
4.13965e+08
4.13965e+08
4.13965e+08
4.13965e+08
4.13965e+08
4.13965e+08
4.13965e+08
4.13965e+08
4.13965e+08
4.13965e+08
4.13965e+08
4.13965e+08
4.13965e+08
4.13965e+08
4.13965e+08
4.13965e+08
4.13965e+08
3.8775e+08
3.88979e+08
3.88986e+08
3.88986e+08
3.88986e+08
3.88986e+08
3.88986e+08
3.88986e+08
3.88986e+08
3.88986e+08
3.88986e+08
3.88986e+08
3.88986e+08
3.88986e+08
3.88986e+08
3.88986e+08
3.88986e+08
3.88986e+08
3.88986e+08
3.88986e+08
3.90215e+08
3.90215e+08
3.88986e+08
3.88993e+08
3.88993e+08
3.88986e+08
3.88986e+08
3.88986e+08
3.88986e+08
3.88986e+08
3.88993e+08
3.88993e+08
3.88986e+08
3.88986e+08
3.88986e+08
3.88986e+08
3.88986e+08
3.62772e+08
3.62772e+08
3.61543e+08
3.61543e+08
3.61543e+08
3.61539e+08
3.61539e+08
3.61539e+08
3.61539e+08
3.61535e+08
3.61535e+08
3.61514e+08
3.61514e+08
3.61512e+08
3.61512e+08
3.60463e+08
3.60463e+08
3.60461e+08
3.60461e+08
3.51024e+08
3.51024e+08
3.51022e+08
3.51022e+08
3.41585e+08
3.41585e+08
3.41583e+08
3.41583e+08
3.32146e+08
3.32146e+08
3.32144e+08
3.32144e+08
3.22707e+08
3.22707e+08
3.22704e+08
3.22704e+08
3.13267e+08
3.13267e+08
3.13265e+08
3.13265e+08
3.08547e+08
3.08547e+08
3.08546e+08
3.08546e+08
3.06186e+08
3.06186e+08
3.06185e+08
3.06185e+08
3.03826e+08
3.03826e+08
3.03825e+08
3.03825e+08
3.02645e+08
3.02645e+08
3.02645e+08
3.02645e+08
3.02055e+08
3.02055e+08
3.02054e+08
3.02054e+08
3.0176e+08
3.0176e+08
3.01759e+08
3.01759e+08
3.01612e+08
3.01612e+08
3.01612e+08
3.01612e+08
3.01605e+08
3.01612e+08
3.01612e+08
3.01605e+08
3.01605e+08
3.01605e+08
3.01605e+08
3.01605e+08
3.01605e+08
3.01605e+08
3.01605e+08
3.01605e+08
3.01605e+08
3.01605e+08
3.01605e+08
3.01605e+08
3.01605e+08
3.01605e+08
3.01605e+08
3.01752e+08
3.01752e+08
3.01605e+08
3.01605e+08
3.01605e+08
3.01605e+08
3.01605e+08
3.01605e+08
3.01605e+08
3.01605e+08
3.01605e+08
3.01605e+08
3.01605e+08
3.01605e+08
3.01605e+08
3.01605e+08
3.01605e+08
3.01605e+08
3.019e+08
3.019e+08
3.01605e+08
3.01605e+08
3.01605e+08
3.01605e+08
3.01605e+08
3.01605e+08
3.01605e+08
3.01605e+08
3.01605e+08
3.01605e+08
3.01605e+08
3.01605e+08
3.01605e+08
3.01605e+08
3.01605e+08
3.01605e+08
3.02195e+08
3.02195e+08
3.01605e+08
3.01605e+08
3.01605e+08
3.01605e+08
3.01605e+08
3.01605e+08
3.01605e+08
3.01605e+08
3.01605e+08
3.01605e+08
3.01605e+08
3.01605e+08
3.01605e+08
3.01605e+08
3.01605e+08
3.01605e+08
3.02784e+08
3.02784e+08
3.01605e+08
3.01606e+08
3.01606e+08
3.01605e+08
3.01606e+08
3.01606e+08
3.01605e+08
3.01606e+08
3.01606e+08
3.01605e+08
3.01606e+08
3.01606e+08
3.01605e+08
3.01606e+08
3.01606e+08
3.01605e+08
3.03964e+08
3.03964e+08
3.01605e+08
3.01606e+08
3.01606e+08
3.01605e+08
3.01606e+08
3.01606e+08
3.01605e+08
3.01606e+08
3.01606e+08
3.01605e+08
3.01606e+08
3.01606e+08
3.01605e+08
3.01606e+08
3.01606e+08
3.01605e+08
3.03964e+08
3.03964e+08
3.01605e+08
3.01606e+08
3.01606e+08
3.01605e+08
3.01606e+08
3.01606e+08
3.01605e+08
3.01606e+08
3.01606e+08
3.01605e+08
3.01606e+08
3.01606e+08
3.01605e+08
3.01606e+08
3.01606e+08
3.01605e+08
3.06323e+08
3.06323e+08
3.01605e+08
3.01607e+08
3.01607e+08
3.01605e+08
3.01607e+08
3.01607e+08
3.01605e+08
3.01607e+08
3.01607e+08
3.01605e+08
3.01607e+08
3.01607e+08
3.01605e+08
3.01607e+08
3.01607e+08
3.01605e+08
3.11042e+08
3.11042e+08
3.01605e+08
3.01607e+08
3.01607e+08
3.01605e+08
3.01607e+08
3.01607e+08
3.01605e+08
3.01607e+08
3.01607e+08
3.01605e+08
3.01607e+08
3.01607e+08
3.01605e+08
3.01607e+08
3.01607e+08
3.01605e+08
3.11042e+08
3.11042e+08
3.01605e+08
3.01607e+08
3.01607e+08
3.01605e+08
3.01607e+08
3.01607e+08
3.01605e+08
3.01607e+08
3.01607e+08
3.01605e+08
3.01607e+08
3.01607e+08
3.01605e+08
3.01607e+08
3.01607e+08
3.01605e+08
3.11042e+08
3.11042e+08
3.01605e+08
3.01607e+08
3.01607e+08
3.01605e+08
3.01607e+08
3.01607e+08
3.01605e+08
3.01607e+08
3.01607e+08
3.01605e+08
3.01607e+08
3.01607e+08
3.01605e+08
3.01607e+08
3.01607e+08
3.01605e+08
3.11042e+08
3.11042e+08
3.01605e+08
3.01607e+08
3.01607e+08
3.01605e+08
3.01607e+08
3.01607e+08
3.01605e+08
3.01607e+08
3.01607e+08
3.01605e+08
3.01607e+08
3.01607e+08
3.01605e+08
3.01607e+08
3.01607e+08
3.01605e+08
3.11042e+08
3.11042e+08
3.01605e+08
3.01607e+08
3.01607e+08
3.01605e+08
3.01607e+08
3.01607e+08
3.01605e+08
3.01607e+08
3.01607e+08
3.01605e+08
3.01607e+08
3.01607e+08
3.01605e+08
3.01607e+08
3.01607e+08
3.01605e+08
3.02653e+08
3.02653e+08
3.01605e+08
3.01607e+08
3.01607e+08
3.01605e+08
3.01607e+08
3.01607e+08
3.01605e+08
3.01607e+08
3.01607e+08
3.01605e+08
3.01607e+08
3.01607e+08
3.01605e+08
3.01607e+08
3.01607e+08
3.01605e+08
3.01625e+08
3.01625e+08
3.01605e+08
3.01605e+08
3.01605e+08
3.01605e+08
3.01605e+08
3.01605e+08
3.01605e+08
3.01605e+08
3.01605e+08
3.01605e+08
3.01605e+08
3.01605e+08
3.01605e+08
3.01605e+08
3.01605e+08
3.01605e+08
3.01605e+08
3.01605e+08
3.01605e+08
3.01605e+08
3.01605e+08
3.01605e+08
3.01605e+08
3.01605e+08
3.01605e+08
3.01605e+08
3.01605e+08
3.01605e+08
3.01605e+08
3.01605e+08
3.01605e+08
3.01605e+08
3.01605e+08
3.01605e+08
3.01605e+08
3.01605e+08
3.01605e+08
3.01605e+08
3.01605e+08
3.01605e+08
3.01605e+08
3.01605e+08
3.01605e+08
3.01605e+08
3.01605e+08
3.01605e+08
3.01605e+08
3.01605e+08
3.01605e+08
3.01605e+08
3.01605e+08
3.01605e+08
3.01605e+08
3.01605e+08
3.01605e+08
3.01605e+08
3.01605e+08
3.01605e+08
3.01605e+08
3.01605e+08
3.01605e+08
3.01605e+08
3.01605e+08
3.01605e+08
3.01605e+08
3.01605e+08
3.01605e+08
3.01605e+08
3.01605e+08
3.01605e+08
3.01605e+08
3.01605e+08
3.01605e+08
3.01605e+08
3.01605e+08
3.01605e+08
3.01605e+08
3.01605e+08
3.01605e+08
3.01605e+08
3.01605e+08
3.01605e+08
3.01605e+08
3.01605e+08
3.01605e+08
3.01605e+08
3.01605e+08
3.01605e+08
3.01605e+08
3.01605e+08
3.01605e+08
3.01605e+08
3.01605e+08
3.01605e+08
3.01605e+08
3.01605e+08
3.01605e+08
3.01605e+08
3.01605e+08
3.01605e+08
3.01605e+08
3.01605e+08
3.01605e+08
3.01605e+08
3.01605e+08
3.01605e+08
3.01605e+08
3.01605e+08
3.01605e+08
3.01605e+08
3.01605e+08
3.01605e+08
3.01605e+08
3.01605e+08
3.01605e+08
3.01605e+08
3.01605e+08
3.01605e+08
3.01605e+08
3.01605e+08
3.01605e+08
3.01605e+08
3.01605e+08
3.01605e+08
3.01605e+08
3.01605e+08
3.01605e+08
3.01605e+08
3.01605e+08
3.01605e+08
3.01605e+08
3.01605e+08
3.01605e+08
3.01605e+08
3.01605e+08
3.01605e+08
3.01605e+08
3.01605e+08
3.01605e+08
3.01605e+08
3.01605e+08
3.01605e+08
3.01605e+08
3.01605e+08
3.01605e+08
3.01605e+08
3.01605e+08
3.01605e+08
3.01605e+08
3.01605e+08
3.01605e+08
3.01605e+08
3.01605e+08
3.01605e+08
3.01605e+08
3.01605e+08
3.01605e+08
3.01605e+08
3.01605e+08
3.01605e+08
3.01605e+08
3.01605e+08
3.01605e+08
3.01605e+08
3.01605e+08
3.01605e+08
3.01605e+08
3.01605e+08
3.01605e+08
3.01605e+08
3.01605e+08
3.01605e+08
3.01605e+08
3.01605e+08
3.01605e+08
3.01605e+08
3.01605e+08
3.01605e+08
3.01605e+08
3.01605e+08
3.01605e+08
3.01605e+08
3.01605e+08
3.01605e+08
3.01605e+08
3.01605e+08
3.01605e+08
3.01605e+08
3.01605e+08
3.01605e+08
3.01605e+08
3.01605e+08
3.01605e+08
3.01605e+08
3.01605e+08
3.01605e+08
3.01605e+08
3.01605e+08
3.01605e+08
3.01605e+08
3.01605e+08
3.01605e+08
3.01605e+08
3.01605e+08
3.01605e+08
3.01605e+08
3.01605e+08
3.01605e+08
3.01605e+08
3.01605e+08
3.01605e+08
3.01605e+08
3.01605e+08
3.01605e+08
3.01605e+08
3.01605e+08
3.01605e+08
3.01605e+08
3.01605e+08
3.01605e+08
3.01605e+08
3.01605e+08
3.01605e+08
3.01605e+08
3.01605e+08
3.01605e+08
3.01605e+08
3.01605e+08
3.01605e+08
3.01605e+08
3.01605e+08
3.01605e+08
3.01605e+08
3.01605e+08
3.01605e+08
3.01605e+08
3.01605e+08
3.01605e+08
3.01605e+08
3.01605e+08
3.01605e+08
3.01605e+08
3.01605e+08
3.01605e+08
3.01605e+08
3.01605e+08
3.01605e+08
3.01605e+08
3.01605e+08
3.01605e+08
3.01605e+08
3.01605e+08
3.01605e+08
3.01605e+08
3.01605e+08
3.01605e+08
3.01605e+08
3.01605e+08
3.01605e+08
3.01605e+08
3.01605e+08
3.01605e+08
3.01605e+08
3.01605e+08
3.01605e+08
3.01605e+08
3.01605e+08
3.01605e+08
3.01605e+08
3.01605e+08
3.01605e+08
3.01605e+08
3.01605e+08
3.01605e+08
3.01605e+08
3.01605e+08
3.01605e+08
3.01605e+08
3.01605e+08
3.01605e+08
3.01605e+08
3.01605e+08
3.01605e+08
3.01605e+08
3.01605e+08
3.01605e+08
3.01605e+08
3.01605e+08
3.01605e+08
3.01605e+08
3.01605e+08
3.01605e+08
3.01605e+08
3.01605e+08
3.01605e+08
3.01605e+08
3.01605e+08
3.01605e+08
3.01605e+08
3.01605e+08
3.01605e+08
3.01605e+08
3.01605e+08
3.01605e+08
3.01605e+08
3.01605e+08
3.01605e+08
3.01605e+08
3.01605e+08
3.01605e+08
3.01605e+08
3.01605e+08
3.01605e+08
3.01605e+08
3.01605e+08
3.01605e+08
3.01605e+08
3.01605e+08
3.01605e+08
3.01605e+08
3.01605e+08
3.01605e+08
3.01605e+08
3.01605e+08
3.01605e+08
3.01605e+08
3.01605e+08
3.01605e+08
3.01605e+08
3.01605e+08
3.01605e+08
3.01605e+08
3.01605e+08
3.01605e+08
3.01605e+08
3.01605e+08
3.01605e+08
3.01605e+08
3.01605e+08
3.01605e+08
3.01605e+08
3.01605e+08
3.01605e+08
3.01605e+08
3.01605e+08
3.01605e+08
3.01605e+08
3.01605e+08
3.01605e+08
3.01605e+08
3.01605e+08
3.01605e+08
3.01605e+08
3.01605e+08
3.01605e+08
3.01605e+08
3.01605e+08
3.01605e+08
3.01605e+08
3.01605e+08
3.01605e+08
3.01605e+08
3.01605e+08
3.01605e+08
3.01605e+08
3.01605e+08
3.01605e+08
3.01605e+08
3.01605e+08
3.01605e+08
3.01605e+08
3.01605e+08
3.01605e+08
3.01605e+08
3.01605e+08
3.01605e+08
3.01605e+08
3.01605e+08
3.01605e+08
3.01605e+08
3.01605e+08
3.01605e+08
3.01605e+08
3.01605e+08
3.01605e+08
3.01605e+08
3.01605e+08
3.01605e+08
3.01605e+08
3.01605e+08
3.01605e+08
3.01605e+08
3.01605e+08
3.01605e+08
3.01605e+08
3.01605e+08
3.01605e+08
3.01605e+08
3.01605e+08
3.01605e+08
3.01605e+08
3.01605e+08
3.01605e+08
3.01605e+08
3.01605e+08
3.01605e+08
3.01605e+08
3.01605e+08
3.01605e+08
3.01605e+08
3.01605e+08
3.01605e+08
3.01605e+08
3.01605e+08
3.01605e+08
3.01605e+08
3.01605e+08
3.01605e+08
3.01605e+08
3.01605e+08
3.01605e+08
3.01605e+08
3.01605e+08
3.01605e+08
3.01605e+08
3.01605e+08
3.01605e+08
3.01605e+08
3.01605e+08
3.01605e+08
3.01605e+08
3.01605e+08
3.01605e+08
3.01605e+08
3.01605e+08
3.01605e+08
3.01605e+08
3.01605e+08
3.01605e+08
3.01605e+08
3.01605e+08
3.01605e+08
3.01605e+08
3.01605e+08
3.01605e+08
3.01605e+08
3.01605e+08
3.01605e+08
3.01605e+08
3.01605e+08
3.01605e+08
3.01605e+08
3.01605e+08
3.01605e+08
3.01605e+08
3.01605e+08
3.01605e+08
3.01605e+08
3.01605e+08
3.01605e+08
3.01605e+08
3.01605e+08
3.01605e+08
3.01605e+08
3.01605e+08
3.01605e+08
3.01605e+08
3.01605e+08
3.01605e+08
3.01605e+08
3.01605e+08
3.01605e+08
3.01605e+08
3.01605e+08
3.01605e+08
3.01605e+08
3.01605e+08
3.01605e+08
3.01605e+08
3.01605e+08
3.01605e+08
3.01605e+08
3.01605e+08
3.01605e+08
3.01605e+08
3.01605e+08
3.01605e+08
3.01605e+08
3.01605e+08
3.01605e+08
3.01605e+08
3.01605e+08
3.01605e+08
3.01605e+08
3.01605e+08
3.01605e+08
3.01605e+08
3.01605e+08
3.01605e+08
3.01605e+08
3.01605e+08
3.01605e+08
3.01605e+08
3.01605e+08
3.01605e+08
3.01605e+08
3.01605e+08
3.01605e+08
3.01605e+08
3.01605e+08
3.01605e+08
3.01605e+08
3.01605e+08
3.01605e+08
3.01605e+08
3.01605e+08
3.01605e+08
3.01605e+08
3.01605e+08
3.01605e+08
3.01605e+08
3.01605e+08
3.01605e+08
3.01605e+08
3.01605e+08
3.01605e+08
3.01605e+08
3.01605e+08
3.01605e+08
3.01605e+08
