2.10116e+08
2.10116e+08
2.10116e+08
2.10116e+08
2.10116e+08
2.10116e+08
2.10116e+08
2.10116e+08
2.08888e+08
2.08888e+08
2.08888e+08
2.35102e+08
2.35102e+08
2.08888e+08
2.08888e+08
2.35102e+08
2.35102e+08
2.35102e+08
2.35102e+08
2.35102e+08
2.35102e+08
2.35102e+08
2.35102e+08
2.35102e+08
2.35102e+08
2.35102e+08
2.08888e+08
2.35102e+08
2.35102e+08
2.08888e+08
2.08888e+08
2.35102e+08
2.35102e+08
2.35102e+08
2.08888e+08
2.08888e+08
2.35102e+08
2.35102e+08
2.08888e+08
2.08888e+08
2.35102e+08
2.35102e+08
2.35102e+08
2.35102e+08
2.61316e+08
2.61316e+08
2.35102e+08
2.35102e+08
2.35102e+08
2.08888e+08
2.35102e+08
2.35102e+08
2.35102e+08
2.35102e+08
2.35102e+08
2.35102e+08
2.35102e+08
2.35102e+08
2.08888e+08
2.08888e+08
2.08888e+08
2.35102e+08
2.35102e+08
2.08888e+08
2.08888e+08
2.35102e+08
2.35102e+08
2.35102e+08
2.35102e+08
2.35102e+08
2.35102e+08
2.35102e+08
2.35102e+08
2.35102e+08
2.35102e+08
2.35102e+08
2.08888e+08
2.35102e+08
2.35102e+08
2.08888e+08
2.08888e+08
2.35102e+08
2.35102e+08
2.35102e+08
2.08888e+08
2.08888e+08
2.35102e+08
2.35102e+08
2.08888e+08
2.08888e+08
2.15441e+08
2.15441e+08
2.15441e+08
1.89227e+08
1.89227e+08
1.9578e+08
1.9578e+08
1.89227e+08
1.89227e+08
2.02334e+08
2.02334e+08
2.02334e+08
2.02334e+08
2.02334e+08
2.02334e+08
2.02334e+08
2.02334e+08
1.9578e+08
1.9578e+08
1.9578e+08
2.08888e+08
2.08888e+08
1.9578e+08
1.9578e+08
2.08888e+08
2.08888e+08
2.08888e+08
2.08888e+08
2.08888e+08
2.08888e+08
2.08888e+08
2.08888e+08
2.08888e+08
2.08888e+08
2.08888e+08
1.9578e+08
2.08888e+08
2.08888e+08
1.9578e+08
1.9578e+08
2.08888e+08
2.08888e+08
2.08888e+08
1.9578e+08
1.9578e+08
2.08888e+08
2.08888e+08
1.9578e+08
1.9578e+08
2.08888e+08
2.08888e+08
2.08888e+08
2.08888e+08
2.21995e+08
2.21995e+08
2.08888e+08
2.08888e+08
2.08888e+08
1.9578e+08
2.08888e+08
2.08888e+08
2.08888e+08
2.08888e+08
2.08888e+08
2.08888e+08
2.08888e+08
2.08888e+08
1.94732e+08
1.94732e+08
1.94732e+08
2.07839e+08
2.07839e+08
1.94732e+08
1.94732e+08
2.07839e+08
2.07839e+08
2.07839e+08
2.07839e+08
2.07839e+08
2.07839e+08
2.07839e+08
2.07839e+08
2.07839e+08
2.07839e+08
2.07839e+08
1.94732e+08
2.07839e+08
2.07839e+08
1.94732e+08
1.94732e+08
2.07839e+08
2.07839e+08
2.07839e+08
1.94732e+08
1.94732e+08
2.07839e+08
2.07839e+08
1.94732e+08
1.94732e+08
1.98009e+08
1.98009e+08
1.98009e+08
1.84901e+08
1.84901e+08
1.88178e+08
1.88178e+08
1.84901e+08
1.84901e+08
1.91455e+08
1.91455e+08
1.91455e+08
1.91455e+08
1.91455e+08
1.91455e+08
1.91455e+08
1.91455e+08
1.86081e+08
1.86081e+08
1.84901e+08
1.91455e+08
1.91455e+08
1.84901e+08
1.84901e+08
1.91455e+08
1.91455e+08
1.91455e+08
1.91455e+08
1.91455e+08
1.91455e+08
1.91455e+08
1.91455e+08
1.91455e+08
1.91455e+08
1.91455e+08
1.84901e+08
1.91455e+08
1.91455e+08
1.84901e+08
1.84901e+08
1.91455e+08
1.91455e+08
1.91455e+08
1.84901e+08
1.84901e+08
1.91455e+08
1.91455e+08
1.84901e+08
1.84901e+08
1.91455e+08
1.91455e+08
1.91455e+08
1.91455e+08
1.98009e+08
1.98009e+08
1.91455e+08
1.91455e+08
1.91455e+08
1.84901e+08
1.91455e+08
1.91455e+08
1.91455e+08
1.91455e+08
1.91455e+08
1.91455e+08
1.91455e+08
1.91455e+08
1.80707e+08
1.80707e+08
1.78348e+08
1.84901e+08
1.84901e+08
1.78348e+08
1.78348e+08
1.84901e+08
1.84901e+08
1.84901e+08
1.84901e+08
1.84901e+08
1.84901e+08
1.84901e+08
1.84901e+08
1.84901e+08
1.84901e+08
1.84901e+08
1.78348e+08
1.84901e+08
1.84901e+08
1.78348e+08
1.78348e+08
1.84901e+08
1.84901e+08
1.84901e+08
1.78348e+08
1.78348e+08
1.84901e+08
1.84901e+08
1.78348e+08
1.78348e+08
1.84901e+08
1.84901e+08
1.84901e+08
1.84901e+08
1.91455e+08
1.91455e+08
1.84901e+08
1.84901e+08
1.84901e+08
1.78348e+08
1.84901e+08
1.84901e+08
1.84901e+08
1.84901e+08
1.84901e+08
1.84901e+08
1.84901e+08
1.84901e+08
1.74154e+08
1.74154e+08
1.71794e+08
1.78348e+08
1.78348e+08
1.71794e+08
1.71794e+08
1.78348e+08
1.78348e+08
1.78348e+08
1.78348e+08
1.78348e+08
1.78348e+08
1.78348e+08
1.78348e+08
1.78348e+08
1.78348e+08
1.78348e+08
1.71794e+08
1.78348e+08
1.78348e+08
1.71794e+08
1.71794e+08
1.78348e+08
1.78348e+08
1.78348e+08
1.71794e+08
1.71794e+08
1.78348e+08
1.78348e+08
1.71794e+08
1.71794e+08
1.73433e+08
1.73433e+08
1.73433e+08
1.66879e+08
1.66879e+08
1.68517e+08
1.68517e+08
1.66879e+08
1.66879e+08
1.70156e+08
1.70156e+08
1.70156e+08
1.70156e+08
1.70156e+08
1.70156e+08
1.70156e+08
1.70156e+08
1.60129e+08
1.60129e+08
1.5541e+08
1.58687e+08
1.58687e+08
1.5541e+08
1.5541e+08
1.58687e+08
1.58687e+08
1.58687e+08
1.58687e+08
1.58687e+08
1.58687e+08
1.58687e+08
1.58687e+08
1.58687e+08
1.58687e+08
1.58687e+08
1.5541e+08
1.58687e+08
1.58687e+08
1.5541e+08
1.5541e+08
1.58687e+08
1.58687e+08
1.58687e+08
1.5541e+08
1.5541e+08
1.58687e+08
1.58687e+08
1.5541e+08
1.5541e+08
1.58687e+08
1.58687e+08
1.58687e+08
1.58687e+08
1.61964e+08
1.61964e+08
1.58687e+08
1.58687e+08
1.58687e+08
1.5541e+08
1.58687e+08
1.58687e+08
1.58687e+08
1.58687e+08
1.58687e+08
1.58687e+08
1.58687e+08
1.58687e+08
1.38633e+08
1.38633e+08
1.29196e+08
1.32473e+08
1.32473e+08
1.29196e+08
1.29196e+08
1.32473e+08
1.32473e+08
1.32473e+08
1.32473e+08
1.32473e+08
1.32473e+08
1.32473e+08
1.32473e+08
1.32473e+08
1.32473e+08
1.32473e+08
1.29196e+08
1.32473e+08
1.32473e+08
1.29196e+08
1.29196e+08
1.32473e+08
1.32473e+08
1.32473e+08
1.29196e+08
1.29196e+08
1.32473e+08
1.32473e+08
1.29196e+08
1.29196e+08
1.32473e+08
1.32473e+08
1.32473e+08
1.32473e+08
1.35749e+08
1.35749e+08
1.32473e+08
1.32473e+08
1.32473e+08
1.29196e+08
1.32473e+08
1.32473e+08
1.32473e+08
1.32473e+08
1.32473e+08
1.32473e+08
1.32473e+08
1.32473e+08
1.32473e+08
1.32473e+08
1.32473e+08
1.35749e+08
1.35749e+08
1.32473e+08
1.32473e+08
1.35749e+08
1.35749e+08
1.35749e+08
1.35749e+08
1.35749e+08
1.35749e+08
1.35749e+08
1.35749e+08
1.35749e+08
1.35749e+08
1.35749e+08
1.35749e+08
1.39026e+08
1.39026e+08
1.35749e+08
1.35749e+08
1.39026e+08
1.39026e+08
1.39026e+08
1.39026e+08
1.39026e+08
1.42303e+08
1.42303e+08
1.39026e+08
1.39026e+08
1.39845e+08
1.39845e+08
1.39845e+08
1.39845e+08
1.39845e+08
1.40665e+08
1.40665e+08
1.39845e+08
1.39845e+08
1.40665e+08
1.40665e+08
1.40665e+08
1.40665e+08
1.40665e+08
1.40665e+08
1.40665e+08
1.40665e+08
1.40665e+08
1.40665e+08
1.40665e+08
1.41484e+08
1.41484e+08
1.40665e+08
1.40665e+08
1.41484e+08
1.41484e+08
1.41484e+08
1.41484e+08
1.41484e+08
1.41484e+08
1.41484e+08
1.41484e+08
1.41484e+08
1.41484e+08
1.41484e+08
1.41484e+08
1.42303e+08
1.42303e+08
1.41484e+08
1.41484e+08
1.42303e+08
1.42303e+08
1.42303e+08
1.42303e+08
1.42303e+08
1.43122e+08
1.43122e+08
1.42303e+08
1.42303e+08
1.43122e+08
1.43122e+08
1.43122e+08
1.43122e+08
1.43941e+08
1.43941e+08
1.43122e+08
1.43122e+08
1.43122e+08
1.42303e+08
1.43122e+08
1.43122e+08
1.43122e+08
1.43122e+08
1.43122e+08
1.43122e+08
1.43122e+08
1.43122e+08
1.43122e+08
1.43122e+08
1.43122e+08
1.43941e+08
1.43941e+08
1.43122e+08
1.43122e+08
1.43941e+08
1.43941e+08
1.43941e+08
1.43941e+08
1.43941e+08
1.43941e+08
1.43941e+08
1.43941e+08
1.43941e+08
1.43941e+08
1.43941e+08
1.43941e+08
1.44761e+08
1.44761e+08
1.43941e+08
1.43941e+08
1.44761e+08
1.44761e+08
1.44761e+08
1.44761e+08
1.44761e+08
1.4558e+08
1.4558e+08
1.44761e+08
1.44761e+08
1.4558e+08
1.4558e+08
1.4558e+08
1.4558e+08
1.46399e+08
1.46399e+08
1.4558e+08
1.4558e+08
1.4558e+08
1.44761e+08
1.4558e+08
1.4558e+08
1.4558e+08
1.4558e+08
1.4558e+08
1.4558e+08
1.4558e+08
1.4558e+08
1.4558e+08
1.4558e+08
1.4558e+08
1.46399e+08
1.46399e+08
1.4558e+08
1.4558e+08
1.46399e+08
1.46399e+08
1.46399e+08
1.46399e+08
1.46399e+08
1.46399e+08
1.46399e+08
1.46399e+08
1.46399e+08
1.46399e+08
1.46399e+08
1.46399e+08
1.47218e+08
1.47218e+08
1.46399e+08
1.46399e+08
1.47218e+08
1.47218e+08
1.47218e+08
1.47218e+08
1.47218e+08
1.48037e+08
1.48037e+08
1.47218e+08
1.47218e+08
1.47423e+08
1.47423e+08
1.47423e+08
1.47423e+08
1.47423e+08
1.47628e+08
1.47628e+08
1.47423e+08
1.47423e+08
1.47423e+08
1.47423e+08
1.47628e+08
1.47628e+08
1.47423e+08
1.47423e+08
1.47628e+08
1.47628e+08
1.47628e+08
1.47628e+08
1.47833e+08
1.47833e+08
1.47628e+08
1.47628e+08
1.47833e+08
1.47833e+08
1.47833e+08
1.47833e+08
1.47833e+08
1.47833e+08
1.47833e+08
1.47833e+08
1.47833e+08
1.47833e+08
1.47833e+08
1.47833e+08
1.47833e+08
1.47833e+08
1.47833e+08
1.48037e+08
1.48037e+08
1.47833e+08
1.47833e+08
1.48037e+08
1.48037e+08
1.48037e+08
1.48037e+08
1.48037e+08
1.48037e+08
1.48037e+08
1.48037e+08
1.48037e+08
1.48037e+08
1.48037e+08
1.48037e+08
1.48242e+08
1.48242e+08
1.48037e+08
1.48037e+08
1.48242e+08
1.48242e+08
1.48242e+08
1.48242e+08
1.48242e+08
1.48447e+08
1.48447e+08
1.48242e+08
1.48242e+08
1.48447e+08
1.48447e+08
1.48447e+08
1.48447e+08
1.48652e+08
1.48652e+08
1.48447e+08
1.48447e+08
1.48447e+08
1.48242e+08
1.48246e+08
1.48246e+08
1.48246e+08
1.48246e+08
1.48247e+08
1.48247e+08
1.48247e+08
1.48247e+08
1.48247e+08
1.48247e+08
1.48246e+08
1.48246e+08
1.48246e+08
1.48246e+08
1.48246e+08
1.4825e+08
1.4825e+08
1.48246e+08
1.48246e+08
1.4825e+08
1.4825e+08
1.4825e+08
1.48251e+08
1.48251e+08
1.48251e+08
1.48251e+08
1.48251e+08
1.48251e+08
1.48251e+08
1.48251e+08
1.48251e+08
1.48251e+08
1.48251e+08
1.48251e+08
1.48251e+08
1.48251e+08
1.48251e+08
1.48251e+08
1.48251e+08
1.48251e+08
1.48251e+08
1.48251e+08
1.48251e+08
1.48251e+08
1.48251e+08
1.48251e+08
1.48251e+08
1.48251e+08
1.48251e+08
1.48251e+08
1.4825e+08
1.48251e+08
1.48251e+08
1.48251e+08
1.48251e+08
1.48251e+08
1.48251e+08
1.48251e+08
1.48251e+08
1.48251e+08
1.48251e+08
1.48251e+08
1.48251e+08
1.48251e+08
1.48251e+08
1.48251e+08
1.48251e+08
1.48255e+08
1.48255e+08
1.48251e+08
1.48251e+08
1.48251e+08
1.48251e+08
1.48251e+08
1.48271e+08
1.48476e+08
1.48476e+08
1.48476e+08
1.48476e+08
1.48476e+08
1.48476e+08
1.48476e+08
1.48476e+08
1.48476e+08
1.48681e+08
1.48681e+08
1.48681e+08
1.48681e+08
1.48681e+08
1.48476e+08
1.48496e+08
1.48496e+08
1.48496e+08
1.48496e+08
1.48496e+08
1.48476e+08
1.48476e+08
1.48476e+08
1.48476e+08
1.48476e+08
1.48476e+08
1.48476e+08
1.48476e+08
1.48271e+08
1.48476e+08
1.48476e+08
1.48271e+08
1.48292e+08
1.48292e+08
1.48271e+08
1.48271e+08
1.48271e+08
1.48271e+08
1.48271e+08
1.48292e+08
1.48292e+08
1.48271e+08
1.48271e+08
1.48271e+08
1.48271e+08
1.48476e+08
1.48476e+08
1.48476e+08
1.48476e+08
1.48681e+08
1.48681e+08
1.48476e+08
1.48476e+08
1.48476e+08
1.48271e+08
1.48476e+08
1.48476e+08
1.48476e+08
1.48476e+08
1.48476e+08
1.48476e+08
1.48476e+08
1.48476e+08
1.48476e+08
1.48271e+08
1.48476e+08
1.48476e+08
1.48271e+08
1.48271e+08
1.48271e+08
1.48066e+08
1.48271e+08
1.48271e+08
1.48271e+08
1.48271e+08
1.48271e+08
1.48271e+08
1.48271e+08
1.48271e+08
1.48271e+08
1.48271e+08
1.48066e+08
1.48066e+08
1.48066e+08
1.48271e+08
1.48271e+08
1.48066e+08
1.48068e+08
1.48068e+08
1.48066e+08
1.48068e+08
1.48068e+08
1.48066e+08
1.48066e+08
1.48068e+08
1.48068e+08
1.48066e+08
1.48068e+08
1.48068e+08
1.48066e+08
1.48068e+08
1.48068e+08
1.48066e+08
1.48068e+08
1.48068e+08
1.48066e+08
1.48066e+08
1.47862e+08
1.4891e+08
1.49115e+08
1.49117e+08
1.49117e+08
1.49117e+08
1.49117e+08
1.49117e+08
1.49117e+08
1.49117e+08
1.49117e+08
1.49322e+08
1.49322e+08
1.49322e+08
1.49322e+08
1.49322e+08
1.49117e+08
1.50166e+08
1.50166e+08
1.50166e+08
1.50166e+08
1.50166e+08
1.49117e+08
1.49117e+08
1.48068e+08
1.48068e+08
1.4702e+08
1.4702e+08
1.4702e+08
1.4702e+08
1.46815e+08
1.4702e+08
1.4702e+08
1.46815e+08
1.47864e+08
1.47864e+08
1.46815e+08
1.46817e+08
1.46817e+08
1.46815e+08
1.46815e+08
1.47864e+08
1.47864e+08
1.46815e+08
1.46817e+08
1.46817e+08
1.46815e+08
1.46815e+08
1.4661e+08
1.46815e+08
1.46815e+08
1.46815e+08
1.46815e+08
1.4702e+08
1.4702e+08
1.46815e+08
1.46815e+08
1.46815e+08
1.4661e+08
1.4661e+08
1.4661e+08
1.46815e+08
1.46815e+08
1.4661e+08
1.4661e+08
1.47429e+08
1.47429e+08
1.47429e+08
1.47429e+08
1.47429e+08
1.47429e+08
1.47429e+08
1.47429e+08
1.47429e+08
1.47429e+08
1.4661e+08
1.4661e+08
1.46405e+08
1.47225e+08
1.47225e+08
1.46405e+08
1.46405e+08
1.46405e+08
1.46201e+08
1.4702e+08
1.4702e+08
1.4702e+08
1.4702e+08
1.4702e+08
1.4702e+08
1.4702e+08
1.4702e+08
1.4702e+08
1.46201e+08
1.4702e+08
1.4702e+08
1.46201e+08
1.46201e+08
1.46201e+08
1.45381e+08
1.46201e+08
1.46201e+08
1.46201e+08
1.46201e+08
1.46201e+08
1.46201e+08
1.46201e+08
1.46201e+08
1.46201e+08
1.46201e+08
1.45381e+08
1.45381e+08
1.45381e+08
1.46201e+08
1.46201e+08
1.45381e+08
1.45383e+08
1.45383e+08
1.45381e+08
1.45383e+08
1.45383e+08
1.45381e+08
1.45381e+08
1.45383e+08
1.45383e+08
1.45381e+08
1.45383e+08
1.45383e+08
1.45381e+08
1.45383e+08
1.45383e+08
1.45381e+08
1.45383e+08
1.45383e+08
1.45381e+08
1.45381e+08
1.44562e+08
1.45381e+08
1.54819e+08
1.54821e+08
1.54821e+08
1.54821e+08
1.54821e+08
1.54821e+08
1.54821e+08
1.54821e+08
1.54821e+08
1.54821e+08
1.54821e+08
1.54821e+08
1.54821e+08
1.54821e+08
1.45383e+08
1.28606e+08
1.28606e+08
1.19169e+08
1.19169e+08
1.1835e+08
1.19169e+08
1.19169e+08
1.1835e+08
1.27787e+08
1.27787e+08
1.1835e+08
1.18352e+08
1.18352e+08
1.1835e+08
1.1835e+08
1.27787e+08
1.27787e+08
1.1835e+08
1.18352e+08
1.18352e+08
1.1835e+08
1.1835e+08
1.17531e+08
1.1835e+08
1.1835e+08
1.1835e+08
1.1835e+08
1.19169e+08
1.19169e+08
1.1835e+08
1.1835e+08
1.1835e+08
1.17531e+08
1.1835e+08
1.1835e+08
1.1835e+08
1.1835e+08
1.1835e+08
1.1835e+08
1.1835e+08
1.1835e+08
1.1835e+08
1.17531e+08
1.1835e+08
1.1835e+08
1.17531e+08
1.17531e+08
1.17531e+08
1.16711e+08
1.17531e+08
1.17531e+08
1.17531e+08
1.17531e+08
1.17531e+08
1.17531e+08
1.17531e+08
1.17531e+08
1.17531e+08
1.17531e+08
1.16711e+08
1.16711e+08
1.16711e+08
1.17531e+08
1.17531e+08
1.16711e+08
1.16713e+08
1.16713e+08
1.16711e+08
1.16713e+08
1.16713e+08
1.16711e+08
1.16711e+08
1.16713e+08
1.16713e+08
1.16711e+08
1.16713e+08
1.16713e+08
1.16711e+08
1.16713e+08
1.16713e+08
1.16711e+08
1.16713e+08
1.16713e+08
1.16711e+08
1.16711e+08
1.15892e+08
1.16711e+08
1.26149e+08
1.26151e+08
1.26151e+08
1.26151e+08
1.26151e+08
1.26151e+08
1.26151e+08
1.26151e+08
1.26151e+08
1.26151e+08
1.26151e+08
1.26151e+08
1.26151e+08
1.26151e+08
1.16713e+08
9.99363e+07
9.99363e+07
9.04991e+07
9.04991e+07
8.96799e+07
9.04991e+07
9.04991e+07
8.96799e+07
9.91171e+07
9.91171e+07
8.96799e+07
8.96819e+07
8.96819e+07
8.96799e+07
8.96799e+07
9.91171e+07
9.91171e+07
8.96799e+07
8.96819e+07
8.96819e+07
8.96799e+07
8.96799e+07
8.88607e+07
8.96799e+07
8.96799e+07
8.96799e+07
8.96799e+07
9.04991e+07
9.04991e+07
8.96799e+07
8.96799e+07
8.96799e+07
8.88607e+07
8.96799e+07
8.96799e+07
8.96799e+07
8.96799e+07
8.96799e+07
8.96799e+07
8.96799e+07
8.96799e+07
8.96799e+07
8.88607e+07
8.96799e+07
8.96799e+07
8.88607e+07
8.88607e+07
8.88607e+07
8.80415e+07
8.88607e+07
8.88607e+07
8.88607e+07
8.88607e+07
8.88607e+07
8.88607e+07
8.88607e+07
8.88607e+07
8.88607e+07
8.88607e+07
8.80415e+07
8.80415e+07
8.80415e+07
8.88607e+07
8.88607e+07
8.80415e+07
8.80435e+07
8.80435e+07
8.80415e+07
8.80435e+07
8.80435e+07
8.80415e+07
8.80415e+07
8.80435e+07
8.80435e+07
8.80415e+07
8.80435e+07
8.80435e+07
8.80415e+07
8.80435e+07
8.80435e+07
8.80415e+07
8.80435e+07
8.80435e+07
8.80415e+07
8.80415e+07
8.72223e+07
8.80415e+07
9.74787e+07
9.74807e+07
9.74807e+07
9.74807e+07
9.74807e+07
9.74807e+07
9.74807e+07
9.74807e+07
9.74807e+07
9.74807e+07
9.74807e+07
9.74807e+07
9.74807e+07
9.74807e+07
8.80435e+07
7.12663e+07
7.12663e+07
6.18291e+07
6.26483e+07
6.26483e+07
6.18291e+07
7.12663e+07
7.12663e+07
6.18291e+07
6.18312e+07
6.18312e+07
6.18291e+07
6.18291e+07
7.12663e+07
7.12663e+07
6.18291e+07
6.18312e+07
6.18312e+07
6.18291e+07
6.18291e+07
6.10099e+07
6.42867e+07
6.42867e+07
6.42867e+07
6.42867e+07
6.42867e+07
6.42867e+07
6.42867e+07
6.42867e+07
6.42867e+07
6.42867e+07
6.10099e+07
6.10099e+07
6.01907e+07
6.34675e+07
6.34675e+07
6.01907e+07
6.01907e+07
6.01907e+07
5.93715e+07
6.26483e+07
6.26483e+07
6.26483e+07
6.26483e+07
6.26483e+07
6.26483e+07
6.26483e+07
6.26483e+07
6.26483e+07
5.93715e+07
6.26483e+07
6.26483e+07
5.93715e+07
5.93715e+07
5.93715e+07
5.60947e+07
5.93715e+07
5.93715e+07
5.93715e+07
5.93715e+07
5.93715e+07
5.93715e+07
5.93715e+07
5.93715e+07
5.93715e+07
5.93715e+07
5.60947e+07
5.60947e+07
5.60947e+07
5.93715e+07
5.93715e+07
5.60947e+07
5.60968e+07
5.60968e+07
5.60947e+07
5.60968e+07
5.60968e+07
5.60947e+07
5.60947e+07
5.60968e+07
5.60968e+07
5.60947e+07
5.60968e+07
5.60968e+07
5.60947e+07
5.60968e+07
5.60968e+07
5.60947e+07
5.60968e+07
5.60968e+07
5.60947e+07
5.60947e+07
5.28179e+07
5.60947e+07
6.55319e+07
6.5534e+07
6.5534e+07
6.5534e+07
6.5534e+07
6.5534e+07
6.5534e+07
6.5534e+07
6.5534e+07
6.5534e+07
6.5534e+07
6.5534e+07
6.5534e+07
6.5534e+07
5.60968e+07
3.60428e+07
3.2766e+07
2.33288e+07
2.33288e+07
2.0052e+07
2.33288e+07
2.33288e+07
2.0052e+07
2.94892e+07
2.94892e+07
2.0052e+07
2.0054e+07
2.0054e+07
2.0052e+07
2.33288e+07
3.2766e+07
3.2766e+07
2.33288e+07
2.33308e+07
2.33308e+07
2.33288e+07
2.66056e+07
2.33288e+07
2.66056e+07
2.66056e+07
2.66056e+07
2.66056e+07
2.98824e+07
2.98824e+07
2.66056e+07
2.66056e+07
2.66056e+07
2.33288e+07
2.66056e+07
2.66056e+07
2.98824e+07
2.98824e+07
2.98824e+07
2.98824e+07
2.98824e+07
2.98824e+07
2.98824e+07
2.66056e+07
2.98824e+07
2.98824e+07
2.66056e+07
2.66056e+07
2.66056e+07
2.33288e+07
2.66056e+07
2.66056e+07
2.66056e+07
2.66056e+07
2.66056e+07
2.66056e+07
2.66056e+07
2.66056e+07
2.98824e+07
2.98824e+07
2.66056e+07
2.66056e+07
2.66056e+07
2.98824e+07
2.98824e+07
2.66056e+07
2.66076e+07
2.66076e+07
2.66056e+07
2.66076e+07
2.66076e+07
2.66056e+07
2.66056e+07
2.66076e+07
2.66076e+07
2.66056e+07
2.66076e+07
2.66076e+07
2.66056e+07
2.66076e+07
2.66076e+07
2.66056e+07
2.66076e+07
2.66076e+07
2.66056e+07
2.66056e+07
2.33288e+07
2.66056e+07
3.60428e+07
3.60448e+07
3.60448e+07
3.60448e+07
3.60448e+07
5.2822e+07
5.2822e+07
5.60988e+07
5.60988e+07
5.60988e+07
5.60988e+07
6.5536e+07
6.5536e+07
6.5536e+07
6.5536e+07
6.5536e+07
6.5536e+07
6.5536e+07
6.5536e+07
6.22592e+07
6.5536e+07
6.5536e+07
6.22592e+07
7.16964e+07
7.16964e+07
6.22592e+07
6.22613e+07
6.22613e+07
6.22592e+07
6.22592e+07
7.16964e+07
7.16964e+07
6.22592e+07
6.22613e+07
6.22613e+07
6.22592e+07
6.22592e+07
5.89824e+07
6.22592e+07
6.22592e+07
6.22592e+07
6.22592e+07
6.5536e+07
6.5536e+07
6.22592e+07
6.22592e+07
6.22592e+07
5.89824e+07
6.22592e+07
6.22592e+07
6.5536e+07
6.5536e+07
6.5536e+07
6.5536e+07
6.5536e+07
6.5536e+07
6.5536e+07
6.22592e+07
6.5536e+07
6.5536e+07
6.22592e+07
6.22592e+07
6.22592e+07
5.89824e+07
6.22592e+07
6.22592e+07
6.22592e+07
6.22592e+07
6.22592e+07
6.22592e+07
6.22592e+07
6.22592e+07
6.5536e+07
6.5536e+07
6.22592e+07
6.22592e+07
6.22592e+07
6.5536e+07
6.5536e+07
6.22592e+07
6.22613e+07
6.22613e+07
6.22592e+07
6.22613e+07
6.22613e+07
6.22592e+07
6.22592e+07
6.22613e+07
6.22613e+07
6.22592e+07
6.22613e+07
6.22613e+07
6.22592e+07
6.22613e+07
6.22613e+07
6.22592e+07
6.22613e+07
6.22613e+07
6.22592e+07
6.22592e+07
5.89824e+07
6.06208e+07
6.53394e+07
6.53415e+07
6.53415e+07
6.53415e+07
6.53415e+07
7.37301e+07
7.37301e+07
7.53685e+07
7.53685e+07
7.53685e+07
7.53685e+07
8.00871e+07
8.00871e+07
8.00871e+07
8.00871e+07
8.00871e+07
8.00871e+07
8.00871e+07
8.17255e+07
8.17255e+07
8.00871e+07
8.48057e+07
8.48057e+07
8.00871e+07
8.00891e+07
8.00891e+07
8.00871e+07
8.00871e+07
8.48057e+07
8.48057e+07
8.00871e+07
8.00891e+07
8.00891e+07
8.00871e+07
8.00871e+07
7.68103e+07
8.33639e+07
8.33639e+07
8.99175e+07
8.99175e+07
8.99175e+07
8.99175e+07
8.99175e+07
8.99175e+07
8.99175e+07
8.99175e+07
8.33639e+07
8.33639e+07
8.17255e+07
8.82791e+07
8.82791e+07
8.17255e+07
8.17255e+07
8.17255e+07
8.00871e+07
8.66407e+07
8.66407e+07
9.31943e+07
9.31943e+07
9.31943e+07
9.31943e+07
9.31943e+07
9.31943e+07
9.31943e+07
8.66407e+07
9.31943e+07
9.31943e+07
8.66407e+07
8.66407e+07
8.66407e+07
8.00871e+07
8.66407e+07
8.66407e+07
8.66407e+07
8.66407e+07
8.66407e+07
8.66407e+07
8.66407e+07
8.66407e+07
9.31943e+07
9.31943e+07
8.66407e+07
8.66407e+07
8.66407e+07
9.31943e+07
9.31943e+07
8.66407e+07
8.66417e+07
8.66417e+07
8.66407e+07
8.66417e+07
8.66417e+07
8.66407e+07
8.66407e+07
8.66417e+07
8.66417e+07
8.66407e+07
8.66417e+07
8.66417e+07
8.66407e+07
8.66417e+07
8.66417e+07
8.66407e+07
8.66417e+07
8.66417e+07
8.66407e+07
8.66407e+07
8.00871e+07
8.66407e+07
8.9e+07
8.9001e+07
8.9001e+07
8.9001e+07
8.9001e+07
9.31953e+07
9.31953e+07
9.97489e+07
9.97489e+07
9.97489e+07
9.97489e+07
1.02108e+08
1.02108e+08
1.02108e+08
1.02108e+08
1.02108e+08
1.02108e+08
1.02108e+08
1.02108e+08
9.55546e+07
1.02108e+08
1.02108e+08
9.55546e+07
9.79139e+07
9.79139e+07
9.55546e+07
9.55556e+07
9.55556e+07
9.55546e+07
9.55546e+07
9.79139e+07
9.79139e+07
9.55546e+07
9.55556e+07
9.55556e+07
9.55546e+07
9.55546e+07
8.9001e+07
9.55546e+07
9.55546e+07
9.55546e+07
9.55546e+07
1.02108e+08
1.02108e+08
9.55546e+07
9.55546e+07
9.55546e+07
8.9001e+07
9.55546e+07
9.55546e+07
1.02108e+08
1.02108e+08
1.02108e+08
1.02108e+08
1.02108e+08
1.02108e+08
1.02108e+08
9.55546e+07
1.02108e+08
1.02108e+08
9.55546e+07
9.55546e+07
9.55546e+07
8.9001e+07
9.55546e+07
9.55546e+07
9.55546e+07
9.55546e+07
9.55546e+07
9.55546e+07
9.55546e+07
9.55546e+07
1.02108e+08
1.02108e+08
9.55546e+07
9.55546e+07
9.55546e+07
1.02108e+08
1.02108e+08
9.55546e+07
9.55556e+07
9.55556e+07
9.55546e+07
9.55556e+07
9.55556e+07
9.55546e+07
9.55546e+07
9.55556e+07
9.55556e+07
9.55546e+07
9.55556e+07
9.55556e+07
9.55546e+07
9.55556e+07
9.55556e+07
9.55546e+07
9.55556e+07
9.55556e+07
9.55546e+07
9.55546e+07
8.9001e+07
9.55546e+07
9.79139e+07
9.79149e+07
9.79149e+07
9.79149e+07
9.79149e+07
1.02109e+08
1.02109e+08
1.08663e+08
1.08663e+08
1.08663e+08
1.08663e+08
1.11022e+08
1.11022e+08
1.11022e+08
1.11022e+08
1.11022e+08
1.11022e+08
1.11022e+08
1.11022e+08
1.04469e+08
1.11022e+08
1.11022e+08
1.04469e+08
1.06828e+08
1.06828e+08
1.04469e+08
1.0447e+08
1.0447e+08
1.04469e+08
1.04469e+08
1.06828e+08
1.06828e+08
1.04469e+08
1.0447e+08
1.0447e+08
1.04469e+08
1.04469e+08
9.79149e+07
1.04469e+08
1.04469e+08
1.04469e+08
1.04469e+08
1.11022e+08
1.11022e+08
1.04469e+08
1.04469e+08
1.04469e+08
9.79149e+07
1.04469e+08
1.04469e+08
1.11022e+08
1.11022e+08
1.11022e+08
1.11022e+08
1.11022e+08
1.11022e+08
1.11022e+08
1.04469e+08
1.11022e+08
1.11022e+08
1.04469e+08
1.04469e+08
1.04469e+08
9.79149e+07
1.04469e+08
1.04469e+08
1.04469e+08
1.04469e+08
1.04469e+08
1.04469e+08
1.04469e+08
1.04469e+08
1.11022e+08
1.11022e+08
1.04469e+08
1.04469e+08
1.04469e+08
1.11022e+08
1.11022e+08
1.04469e+08
1.0447e+08
1.0447e+08
1.04469e+08
1.0447e+08
1.0447e+08
1.04469e+08
1.04469e+08
1.0447e+08
1.0447e+08
1.04469e+08
1.0447e+08
1.0447e+08
1.04469e+08
1.0447e+08
1.0447e+08
1.04469e+08
1.0447e+08
1.0447e+08
1.04469e+08
1.04469e+08
9.79149e+07
1.01192e+08
1.02371e+08
1.02372e+08
1.02372e+08
1.02372e+08
1.02372e+08
1.0447e+08
1.0447e+08
1.07746e+08
1.07746e+08
1.07746e+08
1.07746e+08
1.08926e+08
1.08926e+08
1.08926e+08
1.08926e+08
1.08926e+08
1.08926e+08
1.08926e+08
1.12203e+08
1.12203e+08
1.08926e+08
1.10106e+08
1.10106e+08
1.08926e+08
1.08927e+08
1.08927e+08
1.08926e+08
1.08926e+08
1.10106e+08
1.10106e+08
1.08926e+08
1.08927e+08
1.08927e+08
1.08926e+08
1.08926e+08
1.02372e+08
1.1548e+08
1.1548e+08
1.28587e+08
1.28587e+08
1.28587e+08
1.28587e+08
1.28587e+08
1.28587e+08
1.28587e+08
1.28587e+08
1.1548e+08
1.1548e+08
1.12203e+08
1.2531e+08
1.2531e+08
1.12203e+08
1.12203e+08
1.12203e+08
1.08926e+08
1.22033e+08
1.22033e+08
1.3514e+08
1.3514e+08
1.3514e+08
1.3514e+08
1.3514e+08
1.3514e+08
1.3514e+08
1.22033e+08
1.3514e+08
1.3514e+08
1.22033e+08
1.22033e+08
1.22033e+08
1.08926e+08
1.22033e+08
1.22033e+08
1.22033e+08
1.22033e+08
1.22033e+08
1.22033e+08
1.22033e+08
1.22033e+08
1.3514e+08
1.3514e+08
1.22033e+08
1.22033e+08
1.22033e+08
1.3514e+08
1.3514e+08
1.22033e+08
1.22034e+08
1.22034e+08
1.22033e+08
1.22034e+08
1.22034e+08
1.22033e+08
1.22033e+08
1.22034e+08
1.22034e+08
1.22033e+08
1.22034e+08
1.22034e+08
1.22033e+08
1.22034e+08
1.22034e+08
1.22033e+08
1.22034e+08
1.22034e+08
1.22033e+08
1.22033e+08
1.08926e+08
1.22033e+08
1.22623e+08
1.22624e+08
1.22624e+08
1.22624e+08
1.22624e+08
1.23672e+08
1.23672e+08
1.36779e+08
1.36779e+08
1.36779e+08
1.36779e+08
1.36779e+08
1.36779e+08
1.36779e+08
1.36779e+08
1.36779e+08
1.36779e+08
1.36779e+08
1.36779e+08
1.23672e+08
1.36779e+08
1.36779e+08
1.23672e+08
1.24262e+08
1.24262e+08
1.23672e+08
1.23673e+08
1.23673e+08
1.23672e+08
1.23672e+08
1.24262e+08
1.24262e+08
1.23672e+08
1.23673e+08
1.23673e+08
1.23672e+08
1.23672e+08
1.10565e+08
1.23672e+08
1.23672e+08
1.23672e+08
1.23672e+08
1.36779e+08
1.36779e+08
1.23672e+08
1.23672e+08
1.23672e+08
1.10565e+08
1.23672e+08
1.23672e+08
1.36779e+08
1.36779e+08
1.36779e+08
1.36779e+08
1.36779e+08
1.36779e+08
1.36779e+08
1.23672e+08
1.36779e+08
1.36779e+08
1.23672e+08
1.23672e+08
1.23672e+08
1.10565e+08
1.23672e+08
1.23672e+08
1.23672e+08
1.23672e+08
1.23672e+08
1.23672e+08
1.23672e+08
1.23672e+08
1.36779e+08
1.36779e+08
1.23672e+08
1.23672e+08
1.23672e+08
1.36779e+08
1.36779e+08
1.23672e+08
1.23673e+08
1.23673e+08
1.23672e+08
1.23673e+08
1.23673e+08
1.23672e+08
1.23672e+08
1.23673e+08
1.23673e+08
1.23672e+08
1.23673e+08
1.23673e+08
1.23672e+08
1.23673e+08
1.23673e+08
1.23672e+08
1.23673e+08
1.23673e+08
1.23672e+08
1.23672e+08
1.10565e+08
1.17118e+08
1.17413e+08
1.17414e+08
1.17414e+08
1.17414e+08
1.17414e+08
1.17414e+08
1.17414e+08
1.23968e+08
1.23968e+08
1.23968e+08
1.23968e+08
1.23968e+08
1.23968e+08
1.23968e+08
1.23968e+08
1.23968e+08
1.23968e+08
1.23968e+08
1.30521e+08
1.30521e+08
1.23968e+08
1.24262e+08
1.24262e+08
1.23968e+08
1.23968e+08
1.23968e+08
1.23968e+08
1.23968e+08
1.24262e+08
1.24262e+08
1.23968e+08
1.23968e+08
1.23968e+08
1.23968e+08
1.23968e+08
1.1086e+08
1.37075e+08
1.37075e+08
1.63289e+08
1.63289e+08
1.63289e+08
1.63289e+08
1.63289e+08
1.63289e+08
1.63289e+08
1.63289e+08
1.37075e+08
1.37075e+08
1.30521e+08
1.56736e+08
1.56736e+08
1.30521e+08
1.30521e+08
1.30521e+08
1.23968e+08
1.50182e+08
1.50182e+08
1.76396e+08
1.76396e+08
1.76396e+08
1.76396e+08
1.76396e+08
1.76396e+08
1.76396e+08
1.50182e+08
1.76396e+08
1.76396e+08
1.50182e+08
1.50182e+08
1.50182e+08
1.23968e+08
1.50182e+08
1.50182e+08
1.50182e+08
1.50182e+08
1.50182e+08
1.50182e+08
1.50182e+08
1.50182e+08
1.76396e+08
1.76396e+08
1.50182e+08
1.50182e+08
1.50182e+08
1.76396e+08
1.76396e+08
1.50182e+08
1.50182e+08
1.50182e+08
1.50182e+08
1.50182e+08
1.50182e+08
1.50182e+08
1.50182e+08
1.50182e+08
1.50182e+08
1.50182e+08
1.50182e+08
1.50182e+08
1.50182e+08
1.50182e+08
1.50182e+08
1.50182e+08
1.50182e+08
1.50182e+08
1.50182e+08
1.50182e+08
1.23968e+08
1.50182e+08
1.50329e+08
1.5033e+08
1.5033e+08
1.5033e+08
1.5033e+08
1.5033e+08
1.5033e+08
1.76544e+08
1.76544e+08
1.76544e+08
1.76544e+08
1.76544e+08
1.76544e+08
1.76544e+08
1.76544e+08
1.76544e+08
1.76544e+08
1.76544e+08
1.76544e+08
1.5033e+08
1.76544e+08
1.76544e+08
1.5033e+08
1.50477e+08
1.50477e+08
1.5033e+08
1.5033e+08
1.5033e+08
1.5033e+08
1.5033e+08
1.50477e+08
1.50477e+08
1.5033e+08
1.5033e+08
1.5033e+08
1.5033e+08
1.5033e+08
1.24115e+08
1.5033e+08
1.5033e+08
1.5033e+08
1.5033e+08
1.76544e+08
1.76544e+08
1.5033e+08
1.5033e+08
1.5033e+08
1.24115e+08
1.5033e+08
1.5033e+08
1.76544e+08
1.76544e+08
1.76544e+08
1.76544e+08
1.76544e+08
1.76544e+08
1.76544e+08
1.5033e+08
1.76544e+08
1.76544e+08
1.5033e+08
1.5033e+08
1.5033e+08
1.24115e+08
1.5033e+08
1.5033e+08
1.5033e+08
1.5033e+08
1.5033e+08
1.5033e+08
1.5033e+08
1.5033e+08
1.76544e+08
1.76544e+08
1.5033e+08
1.5033e+08
1.5033e+08
1.76544e+08
1.76544e+08
1.5033e+08
1.5033e+08
1.5033e+08
1.5033e+08
1.5033e+08
1.5033e+08
1.5033e+08
1.5033e+08
1.5033e+08
1.5033e+08
1.5033e+08
1.5033e+08
1.5033e+08
1.5033e+08
1.5033e+08
1.5033e+08
1.5033e+08
1.5033e+08
1.5033e+08
1.5033e+08
1.5033e+08
1.24115e+08
1.25344e+08
1.25351e+08
1.25351e+08
1.25351e+08
1.25351e+08
1.25351e+08
1.25351e+08
1.25351e+08
1.2658e+08
1.2658e+08
1.2658e+08
1.2658e+08
1.2658e+08
1.2658e+08
1.2658e+08
1.2658e+08
1.2658e+08
1.2658e+08
1.2658e+08
1.27809e+08
1.27809e+08
1.2658e+08
1.26587e+08
1.26587e+08
1.2658e+08
1.2658e+08
1.2658e+08
1.2658e+08
1.2658e+08
1.26587e+08
1.26587e+08
1.2658e+08
1.2658e+08
1.2658e+08
1.2658e+08
1.2658e+08
1.00366e+08
1.00366e+08
9.91368e+07
9.91368e+07
9.91368e+07
9.91328e+07
9.91328e+07
9.91324e+07
9.91324e+07
9.91284e+07
9.91284e+07
9.91079e+07
9.91079e+07
9.91059e+07
1.00154e+08
9.91059e+07
9.91059e+07
9.91038e+07
1.08541e+08
9.91038e+07
9.91038e+07
9.91018e+07
1.08539e+08
9.91018e+07
9.91018e+07
9.90997e+07
1.08537e+08
9.90997e+07
9.90997e+07
9.90977e+07
1.08535e+08
9.90977e+07
9.90977e+07
9.90956e+07
1.08533e+08
9.90956e+07
9.90956e+07
9.90936e+07
1.03812e+08
9.90936e+07
9.90936e+07
9.90926e+07
1.01452e+08
9.90926e+07
9.90926e+07
9.90915e+07
1.01451e+08
9.90915e+07
9.90915e+07
9.90905e+07
1.0027e+08
9.90905e+07
9.90905e+07
9.909e+07
9.909e+07
9.85002e+07
9.85002e+07
9.84997e+07
9.84997e+07
9.82048e+07
9.82048e+07
9.82045e+07
9.82045e+07
9.8057e+07
9.8057e+07
9.80568e+07
9.80568e+07
9.80499e+07
9.80568e+07
9.80568e+07
9.80499e+07
9.80501e+07
9.80501e+07
9.80499e+07
9.80501e+07
9.80501e+07
9.80499e+07
9.80501e+07
9.80501e+07
9.80499e+07
9.80501e+07
9.80501e+07
9.80499e+07
9.80501e+07
9.80501e+07
9.80499e+07
9.81973e+07
9.81973e+07
9.80499e+07
9.80501e+07
9.80501e+07
9.80499e+07
9.80501e+07
9.80501e+07
9.80499e+07
9.80501e+07
9.80501e+07
9.80499e+07
9.80501e+07
9.80501e+07
9.80499e+07
9.80501e+07
9.80501e+07
9.80499e+07
9.83448e+07
9.83448e+07
9.80499e+07
9.80504e+07
9.80504e+07
9.80499e+07
9.80504e+07
9.80504e+07
9.80499e+07
9.80504e+07
9.80504e+07
9.80499e+07
9.80504e+07
9.80504e+07
9.80499e+07
9.80504e+07
9.80504e+07
9.80499e+07
9.86397e+07
9.86397e+07
9.80499e+07
9.80504e+07
9.80504e+07
9.80499e+07
9.80504e+07
9.80504e+07
9.80499e+07
9.80504e+07
9.80504e+07
9.80499e+07
9.80504e+07
9.80504e+07
9.80499e+07
9.80504e+07
9.80504e+07
9.80499e+07
9.92295e+07
9.92295e+07
9.80499e+07
9.80509e+07
9.80509e+07
9.80499e+07
9.80509e+07
9.80509e+07
9.80499e+07
9.80509e+07
9.80509e+07
9.80499e+07
9.80509e+07
9.80509e+07
9.80499e+07
9.80509e+07
9.80509e+07
9.80499e+07
1.00409e+08
1.00409e+08
9.80499e+07
9.80509e+07
9.80509e+07
9.80499e+07
9.80509e+07
9.80509e+07
9.80499e+07
9.80509e+07
9.80509e+07
9.80499e+07
9.80509e+07
9.80509e+07
9.80499e+07
9.80509e+07
9.80509e+07
9.80499e+07
1.00409e+08
1.00409e+08
9.80499e+07
9.80509e+07
9.80509e+07
9.80499e+07
9.80509e+07
9.80509e+07
9.80499e+07
9.80509e+07
9.80509e+07
9.80499e+07
9.80509e+07
9.80509e+07
9.80499e+07
9.80509e+07
9.80509e+07
9.80499e+07
1.02768e+08
1.02768e+08
9.80499e+07
9.80519e+07
9.80519e+07
9.80499e+07
9.80519e+07
9.80519e+07
9.80499e+07
9.80519e+07
9.80519e+07
9.80499e+07
9.80519e+07
9.80519e+07
9.80499e+07
9.80519e+07
9.80519e+07
9.80499e+07
1.07487e+08
1.07487e+08
9.80499e+07
9.80519e+07
9.80519e+07
9.80499e+07
9.80519e+07
9.80519e+07
9.80499e+07
9.80519e+07
9.80519e+07
9.80499e+07
9.80519e+07
9.80519e+07
9.80499e+07
9.80519e+07
9.80519e+07
9.80499e+07
1.07487e+08
1.07487e+08
9.80499e+07
9.80519e+07
9.80519e+07
9.80499e+07
9.80519e+07
9.80519e+07
9.80499e+07
9.80519e+07
9.80519e+07
9.80499e+07
9.80519e+07
9.80519e+07
9.80499e+07
9.80519e+07
9.80519e+07
9.80499e+07
1.07487e+08
1.07487e+08
9.80499e+07
9.80519e+07
9.80519e+07
9.80499e+07
9.80519e+07
9.80519e+07
9.80499e+07
9.80519e+07
9.80519e+07
9.80499e+07
9.80519e+07
9.80519e+07
9.80499e+07
9.80519e+07
9.80519e+07
9.80499e+07
1.07487e+08
1.07487e+08
9.80499e+07
9.80519e+07
9.80519e+07
9.80499e+07
9.80519e+07
9.80519e+07
9.80499e+07
9.80519e+07
9.80519e+07
9.80499e+07
9.80519e+07
9.80519e+07
9.80499e+07
9.80519e+07
9.80519e+07
9.80499e+07
1.07487e+08
1.07487e+08
9.80499e+07
9.80519e+07
9.80519e+07
9.80499e+07
9.80519e+07
9.80519e+07
9.80499e+07
9.80519e+07
9.80519e+07
9.80499e+07
9.80519e+07
9.80519e+07
9.80499e+07
9.80519e+07
9.80519e+07
9.80499e+07
9.90985e+07
9.90985e+07
9.80499e+07
9.80519e+07
9.80519e+07
9.80499e+07
9.80519e+07
9.80519e+07
9.80499e+07
9.80519e+07
9.80519e+07
9.80499e+07
9.80519e+07
9.80519e+07
9.80499e+07
9.80519e+07
9.80519e+07
9.80499e+07
9.80704e+07
9.80704e+07
9.80499e+07
9.80499e+07
9.80499e+07
9.80499e+07
9.80499e+07
9.80498e+07
9.80498e+07
9.80498e+07
9.80498e+07
9.80498e+07
9.80498e+07
9.80498e+07
9.80498e+07
9.80498e+07
9.80498e+07
9.80498e+07
9.80498e+07
9.80498e+07
9.80498e+07
9.80498e+07
9.80498e+07
9.80498e+07
9.80498e+07
9.80498e+07
9.80498e+07
9.80498e+07
9.80498e+07
9.80498e+07
9.80498e+07
9.80498e+07
9.80498e+07
9.80498e+07
9.80498e+07
9.80498e+07
9.80498e+07
9.80498e+07
9.80498e+07
9.80498e+07
9.80498e+07
9.80498e+07
9.80498e+07
9.80498e+07
9.80498e+07
9.80498e+07
9.80498e+07
9.80498e+07
9.80498e+07
9.80498e+07
9.80498e+07
9.80498e+07
9.80498e+07
9.80498e+07
9.80498e+07
9.80498e+07
9.80498e+07
9.80498e+07
9.80498e+07
9.80498e+07
9.80498e+07
9.80498e+07
9.80498e+07
9.80498e+07
9.80498e+07
9.80498e+07
9.80498e+07
9.80498e+07
9.80498e+07
9.80498e+07
9.80498e+07
9.80498e+07
9.80498e+07
9.80498e+07
9.80498e+07
9.80498e+07
9.80498e+07
9.80498e+07
9.80498e+07
9.80498e+07
9.80498e+07
9.80498e+07
9.80498e+07
9.80498e+07
9.80498e+07
9.80498e+07
9.80498e+07
9.80498e+07
9.80498e+07
9.80498e+07
9.80498e+07
9.80498e+07
9.80498e+07
9.80498e+07
9.80498e+07
9.80498e+07
9.80498e+07
9.80498e+07
9.80498e+07
9.80498e+07
9.80498e+07
9.80498e+07
9.80498e+07
9.80498e+07
9.80498e+07
9.80498e+07
9.80498e+07
9.80498e+07
9.80498e+07
9.80498e+07
9.80498e+07
9.80498e+07
9.80498e+07
9.80498e+07
9.80498e+07
9.80498e+07
9.80498e+07
9.80498e+07
9.80498e+07
9.80498e+07
9.80498e+07
9.80498e+07
9.80498e+07
9.80498e+07
9.80498e+07
9.80498e+07
9.80498e+07
9.80498e+07
9.80498e+07
9.80498e+07
9.80498e+07
9.80498e+07
9.80498e+07
9.80498e+07
9.80498e+07
9.80498e+07
9.80498e+07
9.80498e+07
9.80498e+07
9.80498e+07
9.80498e+07
9.80498e+07
9.80498e+07
9.80498e+07
9.80498e+07
9.80498e+07
9.80498e+07
9.80498e+07
9.80498e+07
9.80498e+07
9.80498e+07
9.80498e+07
9.80498e+07
9.80498e+07
9.92295e+07
9.92295e+07
9.92295e+07
9.92295e+07
9.92295e+07
9.92295e+07
9.92295e+07
9.92295e+07
9.92295e+07
9.92295e+07
9.92295e+07
9.92295e+07
9.92295e+07
9.92295e+07
9.92295e+07
9.92295e+07
9.92295e+07
9.92295e+07
9.92295e+07
9.92295e+07
9.92295e+07
9.92295e+07
9.92295e+07
9.92295e+07
9.92295e+07
9.92295e+07
9.92295e+07
9.92295e+07
9.92295e+07
9.92295e+07
9.92295e+07
9.92295e+07
9.92295e+07
9.92295e+07
9.92295e+07
9.92295e+07
1.01589e+08
1.01589e+08
1.01589e+08
1.01589e+08
1.01589e+08
1.01589e+08
1.01589e+08
1.01589e+08
1.01589e+08
1.01589e+08
1.01589e+08
1.01589e+08
1.01589e+08
1.01589e+08
1.01589e+08
1.01589e+08
1.01589e+08
1.01589e+08
1.01589e+08
1.01589e+08
1.01589e+08
1.01589e+08
1.01589e+08
1.01589e+08
1.01589e+08
1.01589e+08
1.01589e+08
1.01589e+08
1.01589e+08
1.01589e+08
1.01589e+08
1.01589e+08
1.01589e+08
1.01589e+08
1.01589e+08
1.01589e+08
1.03948e+08
1.03948e+08
1.03948e+08
1.03948e+08
1.03948e+08
1.03948e+08
1.03948e+08
1.03948e+08
1.03948e+08
1.03948e+08
1.03948e+08
1.03948e+08
1.03948e+08
1.03948e+08
1.03948e+08
1.03948e+08
1.03948e+08
1.03948e+08
1.03948e+08
1.03948e+08
1.03948e+08
1.03948e+08
1.03948e+08
1.03948e+08
1.03948e+08
1.03948e+08
1.03948e+08
1.03948e+08
1.03948e+08
1.03948e+08
1.03948e+08
1.03948e+08
1.03948e+08
1.03948e+08
1.03948e+08
1.03948e+08
1.08667e+08
1.08667e+08
1.08667e+08
1.08667e+08
1.08667e+08
1.08667e+08
1.08667e+08
1.08667e+08
1.08667e+08
1.08667e+08
1.08667e+08
1.08667e+08
1.08667e+08
1.08667e+08
1.08667e+08
1.08667e+08
1.08667e+08
1.08667e+08
1.08667e+08
1.08667e+08
1.08667e+08
1.08667e+08
1.08667e+08
1.08667e+08
1.08667e+08
1.08667e+08
1.08667e+08
1.08667e+08
1.08667e+08
1.08667e+08
1.08667e+08
1.08667e+08
1.08667e+08
1.08667e+08
1.08667e+08
1.08667e+08
1.18104e+08
1.18104e+08
1.18104e+08
1.18104e+08
1.18104e+08
1.18104e+08
1.18104e+08
1.18104e+08
1.18104e+08
1.18104e+08
1.18104e+08
1.18104e+08
1.18104e+08
1.18104e+08
1.18104e+08
1.18104e+08
1.18104e+08
1.18104e+08
1.18104e+08
1.18104e+08
1.18104e+08
1.18104e+08
1.18104e+08
1.18104e+08
1.18104e+08
1.18104e+08
1.18104e+08
1.18104e+08
1.18104e+08
1.18104e+08
1.18104e+08
1.18104e+08
1.18104e+08
1.18104e+08
1.27541e+08
1.36978e+08
1.46415e+08
1.46415e+08
1.46415e+08
1.46415e+08
1.46415e+08
1.46415e+08
1.46415e+08
1.46415e+08
1.46415e+08
1.46415e+08
1.46415e+08
1.46415e+08
1.46415e+08
1.46415e+08
1.46415e+08
1.46415e+08
1.46415e+08
1.46415e+08
1.46415e+08
1.46415e+08
1.46415e+08
1.46415e+08
1.46415e+08
1.46415e+08
1.46415e+08
1.46415e+08
1.46415e+08
1.46415e+08
1.46415e+08
1.46415e+08
1.46415e+08
1.46415e+08
1.46415e+08
1.46415e+08
1.55853e+08
1.6529e+08
1.74727e+08
1.74727e+08
1.74727e+08
1.74727e+08
1.74727e+08
1.74727e+08
1.74727e+08
1.74727e+08
1.74727e+08
1.74727e+08
1.74727e+08
1.74727e+08
1.74727e+08
1.74727e+08
1.74727e+08
1.74727e+08
1.74727e+08
1.74727e+08
1.74727e+08
1.74727e+08
1.74727e+08
1.74727e+08
1.74727e+08
1.74727e+08
1.74727e+08
1.74727e+08
1.74727e+08
1.74727e+08
1.74727e+08
1.74727e+08
1.74727e+08
1.74727e+08
1.74727e+08
1.74727e+08
1.84164e+08
1.93601e+08
2.03039e+08
2.03039e+08
2.03039e+08
2.03039e+08
2.03039e+08
2.03039e+08
2.03039e+08
2.03039e+08
2.03039e+08
2.03039e+08
2.03039e+08
2.03039e+08
2.03039e+08
2.03039e+08
2.03039e+08
2.03039e+08
2.03039e+08
2.03039e+08
2.03039e+08
2.03039e+08
2.03039e+08
2.03039e+08
2.03039e+08
2.03039e+08
2.03039e+08
2.03039e+08
2.03039e+08
2.03039e+08
2.03039e+08
2.03039e+08
2.03039e+08
2.03039e+08
2.03039e+08
2.03039e+08
2.12476e+08
2.21913e+08
2.3135e+08
2.3135e+08
2.3135e+08
2.3135e+08
2.3135e+08
2.3135e+08
2.3135e+08
2.3135e+08
2.3135e+08
2.3135e+08
2.3135e+08
2.3135e+08
2.3135e+08
2.3135e+08
2.3135e+08
2.3135e+08
2.3135e+08
2.3135e+08
2.3135e+08
2.3135e+08
2.3135e+08
2.3135e+08
2.3135e+08
2.3135e+08
2.3135e+08
2.3135e+08
2.3135e+08
2.3135e+08
2.3135e+08
2.3135e+08
2.3135e+08
2.3135e+08
2.3135e+08
2.3135e+08
2.32399e+08
2.33447e+08
2.34496e+08
2.34496e+08
2.34496e+08
2.34496e+08
2.34496e+08
2.34496e+08
2.34496e+08
2.34496e+08
2.34496e+08
2.34496e+08
2.34496e+08
2.34496e+08
2.34496e+08
2.34496e+08
2.34496e+08
2.34496e+08
2.34496e+08
2.34496e+08
2.34496e+08
2.34496e+08
2.34496e+08
2.34496e+08
2.34496e+08
2.34496e+08
2.34496e+08
2.34496e+08
2.34496e+08
2.34496e+08
2.34496e+08
2.34496e+08
2.34496e+08
2.34496e+08
2.34496e+08
2.34496e+08
2.34496e+08
2.34496e+08
2.34496e+08
2.34496e+08
2.34496e+08
2.34496e+08
2.34496e+08
2.34496e+08
2.34496e+08
2.34496e+08
2.34496e+08
2.34496e+08
2.34496e+08
2.34496e+08
2.34496e+08
2.34496e+08
2.34496e+08
2.34496e+08
2.34496e+08
2.34496e+08
